layers/bio17_SA.asc
ncols        300
nrows        420
xllcorner    -83.000000000000
yllcorner    -57.000000000000
cellsize     0.166666666667
NODATA_value  -9999
[rows 40 to 79 of 420, columns 90 to 179 of 300]
62 61 59 59 67 74 77 79 80 81 83 84 86 90 95 103 113 119 128 137 146 145 135 125 118 114 112 116 116 125 117 100 110 134 143 214 273 307 336 349 292 243 200 207 241 305 329 341 348 353 357 354 355 354 338 352 397 393 332 280 225 173 151 209 212 -9999 -9999 -9999 -9999 -9999 -9999 -9999 -9999 -9999 -9999 -9999 -9999 -9999 -9999 -9999 -9999 -9999 -9999 -9999 -9999 -9999 -9999 -9999 -9999 -9999
79 80 80 81 84 90 93 95 96 95 96 95 95 99 103 114 124 129 137 151 158 156 150 143 136 136 137 129 134 136 122 106 129 153 169 208 241 203 326 332 279 214 185 189 208 260 308 336 343 351 358 363 363 371 375 409 433 430 377 324 255 203 188 207 214 215 201 -9999 -9999 -9999 -9999 -9999 -9999 -9999 -9999 -9999 -9999 189 -9999 -9999 -9999 -9999 -9999 -9999 -9999 -9999 -9999 -9999 -9999 -9999
96 99 102 111 111 110 110 109 109 111 106 113 111 107 110 125 134 141 151 163 170 169 164 160 160 151 135 144 155 152 144 127 113 139 204 183 177 183 173 169 173 181 180 182 182 247 293 334 334 345 354 363 371 384 400 426 438 451 412 358 295 250 229 227 230 225 221 229 219 193 182 224 314 291 268 242 261 258 244 246 249 248 222 189 -9999 -9999 -9999 -9999 -9999 -9999
108 107 109 125 131 128 124 123 123 120 122 128 120 101 117 134 150 154 165 176 181 181 178 180 180 163 163 171 188 183 162 134 134 177 189 164 176 168 166 169 176 192 192 194 231 267 295 344 344 339 349 361 378 398 408 423 428 431 413 370 326 290 264 251 249 250 251 259 248 221 218 266 338 349 336 320 313 312 315 309 296 293 260 200 149 146 -9999 -9999 -9999 -9999
120 114 110 126 145 141 136 131 127 128 116 112 104 114 127 138 167 161 173 186 194 195 194 200 211 230 241 222 221 210 191 173 173 187 189 186 197 189 177 175 180 172 189 212 226 273 298 326 347 336 342 355 372 387 402 410 414 412 397 370 344 320 286 266 258 259 265 275 273 258 254 280 331 354 350 336 317 295 294 312 320 327 326 296 236 212 230 234 211 -9999
138 130 129 139 149 149 145 142 135 135 114 107 103 106 109 161 177 176 186 203 212 215 219 229 242 255 262 256 248 242 224 212 216 196 203 176 213 213 192 174 162 158 166 207 216 248 273 317 348 354 364 365 358 371 382 388 394 391 380 360 340 317 290 269 254 255 267 283 293 279 269 273 303 328 333 327 315 289 287 302 316 337 360 364 329 308 306 269 235 224
157 152 154 156 160 159 159 149 133 121 114 105 101 100 103 125 174 190 203 225 233 239 246 258 274 287 286 284 284 282 266 254 251 263 200 197 246 233 211 199 168 151 161 190 186 205 250 309 335 349 371 399 383 367 362 370 376 370 359 342 325 305 283 263 244 246 262 277 287 280 272 272 284 300 309 312 312 294 286 286 291 314 353 366 358 350 338 308 280 257
183 179 181 182 180 177 167 164 140 124 114 108 104 99 94 102 170 192 214 243 250 258 269 285 304 327 338 334 330 333 319 310 308 308 299 265 288 277 236 213 184 167 159 170 168 171 240 285 311 331 343 402 404 339 367 348 352 348 334 325 309 293 273 256 238 242 252 263 269 268 265 263 268 275 279 280 279 281 273 271 271 290 328 349 355 354 343 325 306 284
219 221 218 204 192 192 195 188 156 132 123 115 110 102 95 98 133 198 221 244 259 268 286 307 322 342 379 390 393 388 378 361 358 347 338 316 312 299 269 238 206 179 163 155 149 151 205 248 265 285 307 379 330 296 315 324 322 319 312 305 291 276 264 249 241 241 244 251 256 253 252 250 251 252 254 261 267 259 254 258 272 287 313 332 341 342 337 328 319 299
251 262 253 227 203 198 208 206 167 146 132 125 119 113 108 106 109 173 219 240 272 287 300 323 333 368 411 422 444 442 433 406 395 398 378 354 328 305 281 246 212 191 164 143 127 129 145 169 205 229 273 312 266 268 278 287 294 298 295 285 272 266 255 246 242 236 237 247 244 238 236 235 236 239 241 250 252 236 232 250 274 286 306 317 325 326 325 325 322 306
268 282 269 234 208 207 217 197 161 151 145 140 136 157 187 182 174 171 223 258 289 304 315 337 373 401 421 443 455 492 477 456 419 405 392 361 351 324 289 248 216 197 161 138 122 102 104 116 131 142 184 202 214 235 250 262 269 279 271 266 257 253 245 238 234 236 238 237 226 224 221 222 224 228 241 257 258 246 246 256 271 285 296 304 308 308 309 312 313 303
266 267 248 223 212 214 197 175 165 163 161 162 161 211 254 254 258 248 260 271 305 323 341 355 396 432 402 461 475 516 503 472 435 409 406 383 366 332 287 237 199 165 121 96 67 65 67 86 98 107 144 171 189 210 228 252 247 251 250 247 241 238 233 231 227 228 227 221 214 213 210 209 210 218 233 254 260 258 260 269 278 286 290 290 290 288 289 295 302 296
258 244 218 201 201 202 191 181 176 179 186 191 201 220 259 264 286 296 312 321 319 333 355 379 418 460 442 470 473 480 495 469 441 415 397 377 357 322 270 214 168 125 93 72 47 42 51 64 81 99 134 161 182 195 203 227 228 231 232 230 227 225 222 219 221 219 220 211 203 199 204 206 201 208 221 235 251 261 271 278 277 279 279 277 273 268 264 271 289 288
252 239 191 178 206 219 210 200 195 209 219 227 252 254 270 293 306 323 331 344 343 353 374 400 433 471 468 462 479 480 472 448 424 401 376 351 326 278 219 169 134 105 82 62 49 44 45 54 72 95 105 128 147 154 175 190 203 214 215 214 214 211 210 208 209 208 208 199 193 190 198 194 198 205 213 226 243 258 272 274 267 267 270 267 259 252 240 245 269 282
247 239 203 197 233 253 246 239 238 250 279 302 306 306 302 330 328 336 345 362 367 374 389 412 436 460 465 470 463 461 441 423 396 368 345 309 271 228 176 137 113 95 79 63 52 47 47 55 66 79 93 97 109 133 153 167 183 194 199 200 198 198 198 199 199 206 193 189 189 187 193 198 200 203 209 220 235 248 260 263 259 258 259 257 250 240 227 229 254 275
251 244 238 250 271 282 283 285 287 299 321 367 348 338 351 358 336 353 362 374 378 399 406 418 435 449 449 446 436 432 410 396 370 338 313 276 234 213 156 112 99 89 79 66 57 52 51 55 63 74 89 74 85 112 132 149 166 178 185 187 185 185 188 191 190 187 186 184 194 190 195 204 201 197 203 212 223 234 241 246 246 247 246 249 245 236 231 243 252 268
268 262 268 301 312 311 317 325 333 351 366 390 375 377 373 369 336 335 384 385 399 412 406 421 427 437 444 417 392 387 399 381 348 312 285 255 215 176 138 109 99 92 84 71 62 57 55 57 62 75 87 82 83 104 122 139 153 166 173 175 176 175 175 180 180 177 174 168 172 176 188 187 188 191 194 202 209 217 223 230 232 234 237 244 244 238 244 242 255 258
292 283 287 310 318 322 336 355 369 385 401 424 409 408 394 351 333 336 383 402 418 416 404 425 429 421 414 400 374 357 348 338 317 302 268 237 206 173 144 120 103 96 87 73 63 61 58 58 62 74 92 106 107 116 120 133 146 157 164 166 168 167 165 172 174 169 162 154 150 154 159 169 176 178 184 189 195 201 208 213 218 219 226 230 231 229 231 234 241 246
320 309 300 294 297 315 340 369 392 415 443 446 425 413 382 350 344 345 384 413 414 390 427 450 426 404 391 380 366 341 324 308 291 272 250 226 198 172 145 124 108 99 87 72 60 58 59 61 63 83 117 119 132 140 128 132 142 156 162 163 163 163 161 165 166 159 151 141 135 140 146 158 162 166 170 176 181 187 195 199 202 205 208 211 216 219 221 226 232 238
356 343 315 274 268 302 344 381 411 434 449 450 438 413 378 358 352 349 375 393 374 426 448 457 441 402 382 373 363 340 308 292 275 256 237 216 194 172 150 133 118 105 91 78 66 62 63 65 69 81 103 109 123 130 128 135 144 155 159 162 163 163 160 160 157 152 145 134 124 119 129 141 149 155 160 166 173 180 186 184 188 191 194 199 205 208 212 217 222 233
402 392 357 276 261 311 359 400 434 457 468 464 447 423 394 369 355 351 354 362 373 441 458 461 434 394 380 362 335 308 288 273 259 242 226 208 190 171 156 144 134 116 98 87 77 70 69 72 79 89 103 108 119 129 132 138 145 158 160 160 162 162 160 158 154 151 143 135 127 123 132 139 145 150 153 159 163 170 171 172 174 179 183 188 194 200 204 210 214 218
450 453 428 351 330 358 396 431 461 483 491 478 457 429 402 378 357 352 355 362 375 405 441 454 433 402 386 361 306 282 268 253 241 227 213 199 184 170 159 150 140 121 103 93 84 78 78 82 90 100 113 117 124 134 137 143 148 158 161 161 162 161 160 157 155 152 146 140 134 134 138 153 147 148 150 151 155 164 157 160 164 168 173 179 186 192 197 204 208 210
494 499 485 446 428 430 447 469 492 513 514 492 468 439 412 385 355 350 359 380 410 405 411 438 425 408 385 364 320 266 257 241 238 222 205 193 179 166 156 147 133 116 103 95 88 86 85 90 97 108 120 127 135 141 143 148 154 162 163 163 163 163 162 161 159 157 153 148 146 144 144 155 152 151 146 146 150 156 157 157 154 159 165 171 177 184 191 198 202 205
530 535 528 517 508 499 499 506 516 524 520 499 474 447 418 409 372 359 367 388 403 381 363 391 407 378 358 345 300 259 240 231 219 209 199 187 176 167 155 150 128 112 100 96 94 98 99 99 105 114 127 136 147 151 152 155 160 166 166 166 164 166 166 164 164 164 162 160 155 155 153 154 152 152 146 145 145 147 153 151 148 151 156 163 172 181 187 193 200 202
563 569 570 566 561 552 544 538 533 530 521 503 480 456 432 420 387 377 383 385 372 352 331 321 325 310 304 330 280 233 223 217 208 202 193 184 178 166 154 143 127 110 101 101 101 103 108 109 117 125 136 147 159 160 162 164 167 170 170 170 169 171 171 170 171 171 170 167 164 161 159 154 142 153 153 143 141 138 140 143 146 148 152 159 170 178 185 192 198 199
595 601 604 604 603 598 582 560 544 533 522 506 487 466 446 446 405 391 397 400 373 359 335 316 289 281 270 292 236 215 210 206 202 195 190 184 177 168 158 148 133 121 112 111 109 113 117 120 128 136 148 159 169 170 170 172 174 177 176 175 174 176 175 176 178 179 176 175 173 170 167 160 149 149 151 144 137 133 132 135 136 141 149 157 165 173 182 188 198 200
626 632 633 634 634 635 608 575 549 536 526 514 497 477 463 465 419 404 417 409 393 370 344 315 285 233 188 188 186 200 196 198 196 193 189 185 180 174 165 156 149 139 129 123 120 123 125 132 140 150 162 174 180 179 179 180 182 184 182 181 181 182 182 186 185 183 183 181 182 182 177 169 158 150 146 142 136 130 129 129 131 135 143 152 160 169 179 186 196 204
657 659 657 652 647 639 613 580 554 542 536 525 512 492 491 480 434 432 427 406 386 362 338 311 232 188 166 172 181 187 192 197 199 195 193 195 207 208 172 166 163 156 144 136 132 132 138 146 155 165 177 188 191 194 188 188 189 193 189 188 187 188 190 191 189 189 188 187 188 188 182 174 165 155 147 141 135 129 125 124 125 130 138 148 157 167 176 186 197 207
685 682 675 665 651 633 609 582 562 555 551 539 539 518 511 492 468 450 431 412 389 367 348 295 230 200 183 182 186 191 201 203 201 199 205 215 219 192 179 174 170 162 154 147 144 145 149 158 169 179 196 210 207 202 198 197 198 207 210 200 196 196 196 197 197 197 195 193 193 192 186 178 169 161 151 144 136 130 124 122 121 127 136 145 156 166 176 186 196 205
710 703 692 677 657 631 609 591 587 580 572 559 556 545 523 503 483 466 442 427 402 365 333 308 248 225 207 200 199 201 204 206 208 205 212 214 204 194 187 182 175 168 161 155 151 152 165 174 183 196 208 218 223 218 211 204 206 209 208 211 209 206 204 204 204 203 202 202 200 196 192 183 176 168 157 149 142 133 126 120 121 131 141 147 155 166 177 187 197 207
726 719 708 694 675 649 616 620 632 623 607 587 582 564 541 518 497 478 456 443 394 349 321 315 302 293 231 225 219 216 217 217 216 215 221 211 206 201 195 189 182 176 168 163 160 162 169 184 199 214 227 226 218 226 226 217 221 219 224 227 225 219 213 212 212 212 211 210 209 205 199 190 184 175 164 155 147 139 130 125 127 132 142 152 161 170 178 188 200 211
727 724 706 700 684 667 660 673 681 677 647 617 604 582 557 534 512 488 459 416 389 364 339 314 293 289 317 316 249 236 233 231 230 229 226 222 218 212 206 198 192 184 176 172 170 171 182 198 218 239 244 236 223 220 229 219 214 218 219 233 237 230 229 226 224 221 220 218 218 214 207 200 191 183 173 164 156 147 141 135 139 140 143 152 170 179 183 192 201 209
711 702 691 676 668 663 670 694 704 685 665 648 621 595 566 549 524 483 456 432 407 385 361 340 318 299 286 339 325 260 251 247 246 245 243 239 233 227 218 210 200 192 186 182 182 187 199 216 237 255 259 239 226 222 230 236 221 224 225 236 241 239 236 235 237 232 230 229 227 225 218 209 201 192 183 174 165 158 152 147 146 151 154 159 168 185 190 193 206 212
694 677 658 642 630 636 659 702 706 684 661 656 628 594 585 561 519 492 471 448 428 407 386 366 346 326 308 295 296 277 271 267 266 264 261 257 250 242 233 222 211 202 196 192 194 202 215 233 253 266 266 238 219 220 229 235 227 227 232 238 246 246 243 244 244 244 242 239 237 237 231 222 213 203 194 185 175 170 163 160 158 159 166 176 175 184 196 202 203 211
682 656 627 597 587 603 632 644 651 643 630 613 613 600 593 582 536 507 485 467 447 430 413 395 374 354 334 317 305 296 292 288 287 285 283 280 271 262 249 237 225 213 205 203 205 216 230 249 267 273 265 245 230 227 227 228 231 233 236 240 247 253 254 256 256 258 254 254 249 245 240 233 225 215 205 194 188 185 173 166 165 166 169 177 187 185 192 203 207 211
677 644 603 560 546 561 572 567 569 586 590 604 589 599 601 585 553 518 502 484 467 452 439 425 406 381 359 340 327 317 312 310 309 309 307 304 296 283 269 253 238 226 216 211 216 229 247 268 275 273 268 252 244 239 236 235 238 241 244 248 252 258 261 267 268 270 269 267 262 258 252 242 238 227 216 207 202 193 189 180 174 173 177 181 188 191 196 199 203 207
679 639 597 555 536 540 542 536 537 551 560 562 561 558 553 549 546 529 513 499 485 471 461 454 436 405 378 358 344 335 332 331 332 334 336 333 323 308 289 272 257 241 229 222 230 247 267 279 278 278 270 258 253 248 246 244 246 249 252 256 262 266 272 278 281 283 284 282 279 274 266 257 252 240 229 219 208 202 197 190 183 181 180 187 193 199 198 200 203 204
674 638 599 567 548 541 535 530 531 537 543 545 545 542 539 535 533 532 525 511 499 487 476 468 451 419 391 370 358 352 351 349 351 358 361 364 354 331 311 292 276 263 251 245 254 271 278 280 284 279 271 263 258 257 256 257 257 258 261 269 275 279 283 289 292 297 298 298 294 291 285 273 265 254 242 230 219 210 203 194 188 186 184 187 194 201 201 201 201 199
667 637 605 579 559 547 537 532 530 532 534 533 533 530 528 524 521 519 520 523 511 498 484 469 449 422 396 377 368 364 359 359 362 372 383 384 373 350 330 312 298 287 279 278 283 283 286 288 288 281 274 269 264 260 262 265 265 269 270 274 283 291 297 301 306 310 313 313 311 307 302 289 280 266 254 239 228 217 206 195 189 188 184 186 195 201 202 203 200 197
659 635 611 587 568 555 544 538 532 530 529 528 525 523 518 514 510 506 508 513 518 507 490 472 449 422 397 379 375 366 359 357 362 375 390 393 379 362 347 334 322 315 311 302 296 295 295 294 288 285 278 273 268 266 270 271 270 273 278 282 295 299 311 315 320 326 328 329 328 323 318 306 295 281 265 250 237 222 209 194 183 181 181 186 194 205 207 200 197 194
