layers/bio1_SA.asc
ncols        300
nrows        420
xllcorner    -83.000000000000
yllcorner    -57.000000000000
cellsize     0.166666666667
NODATA_value  -9999
[rows 117 to 155 of 420, columns 0 to 85 of 300]
-9999 -9999 -9999 -9999 -9999 -9999 -9999 -9999 -9999 -9999 -9999 -9999 -9999 -9999 -9999 224 224 225 226 227 224 225 210 171 169 143 112 127 123 175 128 127 162 183 189 183 217 242 236 252 250 255 255 261 265 266 268 269 269 268 267 266 266 265 264 263 262 261 260 259 258 259 257 256 256 256 256 256 256 256 256 256 256 256 255 255 256 256 257 258 257 257 257 257 257 257
-9999 -9999 -9999 -9999 -9999 -9999 -9999 -9999 -9999 -9999 -9999 -9999 -9999 -9999 -9999 -9999 -9999 222 222 223 224 221 211 150 132 107 101 96 139 176 133 128 170 186 211 207 229 246 253 254 254 239 250 250 257 266 268 269 269 267 266 266 264 261 262 262 261 260 259 257 257 257 256 255 255 256 256 255 255 256 256 257 257 257 258 258 258 258 258 258 257 256 256 256 256 257
-9999 -9999 -9999 -9999 -9999 -9999 -9999 -9999 -9999 -9999 -9999 -9999 -9999 211 -9999 -9999 -9999 -9999 220 220 224 223 210 141 98 100 82 76 111 158 144 93 146 175 209 220 234 254 261 263 261 243 245 249 247 264 268 268 267 266 265 265 264 261 258 260 259 259 258 256 256 255 254 254 255 256 255 255 255 257 258 258 258 258 258 258 257 257 257 257 255 255 254 255 255 255
-9999 -9999 -9999 -9999 -9999 -9999 -9999 -9999 -9999 -9999 -9999 -9999 -9999 -9999 -9999 -9999 -9999 -9999 -9999 222 224 220 212 171 149 122 98 107 91 113 164 96 101 145 212 241 245 258 265 264 259 246 260 259 259 266 268 266 264 263 260 263 262 262 256 256 258 258 257 256 256 255 255 254 254 255 256 257 258 258 257 256 256 257 256 256 256 256 256 257 255 254 255 255 255 254
-9999 -9999 -9999 -9999 -9999 -9999 -9999 -9999 -9999 -9999 -9999 -9999 -9999 -9999 -9999 -9999 -9999 -9999 -9999 220 222 223 208 192 168 162 134 120 121 101 156 127 96 151 206 236 245 261 262 262 249 246 250 265 266 267 269 268 262 262 258 258 262 261 258 253 257 257 256 256 255 255 255 255 255 256 256 256 257 256 257 256 257 257 255 255 257 256 257 256 255 255 255 255 255 255
-9999 -9999 -9999 -9999 -9999 -9999 -9999 -9999 -9999 -9999 -9999 -9999 -9999 -9999 -9999 -9999 -9999 -9999 -9999 -9999 218 218 193 162 159 125 124 98 122 144 156 168 99 145 176 213 234 252 257 257 232 251 243 262 266 267 268 268 266 264 262 260 260 260 258 256 258 257 256 255 255 253 253 255 255 255 255 256 256 256 256 257 256 256 256 257 256 257 256 256 255 255 254 254 254 253
-9999 -9999 -9999 -9999 -9999 -9999 -9999 -9999 -9999 -9999 -9999 -9999 -9999 -9999 -9999 -9999 -9999 -9999 -9999 -9999 213 211 207 190 197 184 167 118 120 136 117 158 114 123 170 197 215 248 247 253 241 243 251 254 264 267 268 268 267 264 263 262 262 260 258 256 257 257 256 254 255 253 254 254 254 254 256 255 256 256 257 257 256 256 257 258 257 257 255 255 254 254 254 254 253 254
-9999 -9999 -9999 -9999 -9999 -9999 -9999 -9999 -9999 -9999 -9999 -9999 -9999 -9999 -9999 -9999 -9999 -9999 -9999 -9999 200 203 205 203 188 124 136 137 98 124 109 126 125 98 138 178 204 244 235 235 241 241 252 252 263 265 267 267 267 265 263 263 262 260 259 255 256 256 255 254 254 253 254 254 254 255 256 255 256 257 257 256 257 258 258 256 257 257 255 254 254 254 253 253 253 252
-9999 -9999 -9999 -9999 -9999 -9999 -9999 -9999 -9999 -9999 -9999 -9999 -9999 -9999 -9999 -9999 -9999 -9999 -9999 -9999 -9999 199 198 193 173 151 108 91 80 84 100 94 155 90 124 146 207 237 227 226 236 236 228 256 263 263 264 265 266 266 265 263 262 261 258 257 256 256 256 256 255 255 255 254 254 255 255 255 256 257 256 256 258 258 257 256 256 256 255 254 254 253 253 252 252 250
-9999 -9999 -9999 -9999 -9999 -9999 -9999 -9999 -9999 -9999 -9999 -9999 -9999 -9999 -9999 -9999 -9999 -9999 -9999 -9999 -9999 -9999 195 192 188 167 95 93 78 107 72 83 135 84 103 147 190 226 240 225 230 220 225 258 262 259 262 263 264 265 265 264 263 260 258 258 255 257 256 255 255 256 255 254 254 256 255 255 256 256 257 258 257 259 258 257 257 255 255 254 253 252 253 251 252 250
-9999 -9999 -9999 -9999 -9999 -9999 -9999 -9999 -9999 -9999 -9999 -9999 -9999 -9999 -9999 -9999 -9999 -9999 -9999 -9999 -9999 -9999 -9999 191 186 179 143 100 76 139 96 62 124 128 99 140 156 197 240 240 227 216 212 243 261 259 261 262 264 264 265 264 263 262 260 259 258 257 257 257 256 256 256 256 255 256 255 255 256 256 257 258 259 259 257 258 256 255 255 253 253 252 251 251 250 250
-9999 -9999 -9999 -9999 -9999 -9999 -9999 -9999 -9999 -9999 -9999 -9999 -9999 -9999 -9999 -9999 -9999 -9999 -9999 -9999 -9999 -9999 -9999 -9999 188 186 182 134 104 142 56 62 96 140 98 87 129 176 219 245 239 210 212 246 259 259 260 263 263 264 264 264 264 263 261 259 258 257 256 256 257 257 256 256 255 256 255 255 255 257 258 257 257 258 257 256 255 254 254 253 251 251 250 249 249 249
-9999 -9999 -9999 -9999 -9999 -9999 -9999 -9999 -9999 -9999 -9999 -9999 -9999 -9999 -9999 -9999 -9999 -9999 -9999 -9999 -9999 -9999 -9999 -9999 188 186 182 168 156 138 114 72 116 126 134 93 119 147 202 234 237 222 228 243 257 258 260 261 262 263 264 264 264 264 262 260 259 258 257 257 257 257 256 256 255 255 254 254 256 256 255 256 257 257 257 255 254 254 253 252 251 250 249 248 248 248
-9999 -9999 -9999 -9999 -9999 -9999 -9999 -9999 -9999 -9999 -9999 -9999 -9999 -9999 -9999 -9999 -9999 -9999 -9999 -9999 -9999 -9999 -9999 -9999 -9999 184 180 179 158 129 135 56 74 94 132 79 120 134 133 213 240 228 216 237 255 257 259 260 261 263 264 264 264 264 263 261 260 260 257 257 257 258 257 256 255 254 254 256 256 255 256 257 256 256 256 254 254 253 252 251 250 250 250 249 249 248
-9999 -9999 -9999 -9999 -9999 -9999 -9999 -9999 -9999 -9999 -9999 -9999 -9999 -9999 -9999 -9999 -9999 -9999 -9999 -9999 -9999 -9999 -9999 -9999 -9999 185 183 182 166 109 89 66 36 115 128 127 83 114 163 195 237 239 210 237 254 256 259 260 261 262 264 265 264 264 263 262 261 260 258 257 257 258 257 256 255 254 255 255 255 256 256 256 256 255 256 254 253 252 251 250 250 250 249 248 247 248
-9999 -9999 -9999 -9999 -9999 -9999 -9999 -9999 -9999 -9999 -9999 -9999 -9999 -9999 -9999 -9999 -9999 -9999 -9999 -9999 -9999 -9999 -9999 -9999 -9999 187 189 186 180 161 82 117 28 91 82 98 121 118 175 187 220 242 221 226 251 255 258 260 262 259 260 265 264 264 263 262 262 260 259 258 258 258 257 256 256 255 255 254 255 255 255 255 255 256 255 253 253 253 252 251 250 249 248 248 248 247
-9999 -9999 -9999 -9999 -9999 -9999 -9999 -9999 -9999 -9999 -9999 -9999 -9999 -9999 -9999 -9999 -9999 -9999 -9999 -9999 -9999 -9999 -9999 -9999 -9999 -9999 193 192 185 161 70 92 89 42 54 79 94 97 157 203 215 235 237 211 233 254 258 260 261 244 241 264 264 264 263 262 261 259 259 258 258 258 257 256 255 254 254 254 255 255 254 255 256 254 253 253 253 252 252 250 250 249 249 248 247 248
-9999 -9999 -9999 -9999 -9999 -9999 -9999 -9999 -9999 -9999 -9999 -9999 -9999 -9999 -9999 -9999 -9999 -9999 -9999 -9999 -9999 -9999 -9999 -9999 -9999 -9999 -9999 196 191 172 116 46 94 25 58 101 64 89 99 142 149 210 212 206 228 253 258 260 259 222 229 263 264 264 263 261 259 258 258 258 257 258 257 256 255 254 254 254 254 255 256 256 254 253 253 253 251 252 251 250 250 250 249 248 249 248
-9999 -9999 -9999 -9999 -9999 -9999 -9999 -9999 -9999 -9999 -9999 -9999 -9999 -9999 -9999 -9999 -9999 -9999 -9999 -9999 -9999 -9999 -9999 -9999 -9999 -9999 -9999 193 188 182 161 94 65 56 47 56 64 92 62 94 125 179 199 176 215 252 256 259 260 246 213 252 264 264 263 261 259 257 256 258 258 258 257 256 254 253 253 254 254 255 255 254 253 253 253 252 252 252 250 251 250 249 248 249 249 249
-9999 -9999 -9999 -9999 -9999 -9999 -9999 -9999 -9999 -9999 -9999 -9999 -9999 -9999 -9999 -9999 -9999 -9999 -9999 -9999 -9999 -9999 -9999 -9999 -9999 -9999 -9999 195 191 183 163 79 56 66 31 39 61 91 75 75 116 155 159 178 209 247 254 259 261 252 235 247 261 264 263 261 258 258 256 257 257 258 257 256 254 253 254 255 255 255 254 253 253 253 252 252 251 251 250 250 249 249 249 250 250 250
-9999 -9999 -9999 -9999 -9999 -9999 -9999 -9999 -9999 -9999 -9999 -9999 -9999 -9999 -9999 -9999 -9999 -9999 -9999 -9999 -9999 -9999 -9999 -9999 -9999 -9999 -9999 -9999 191 187 175 150 54 45 23 35 63 77 82 114 159 134 125 152 203 233 253 258 260 256 244 232 253 264 263 260 258 258 257 256 257 258 257 256 255 253 255 254 254 253 253 253 254 252 251 251 251 250 250 249 250 250 250 250 251 251
-9999 -9999 -9999 -9999 -9999 -9999 -9999 -9999 -9999 -9999 -9999 -9999 -9999 -9999 -9999 -9999 -9999 -9999 -9999 -9999 -9999 -9999 -9999 -9999 -9999 -9999 -9999 -9999 193 188 181 155 115 72 46 53 40 66 75 77 139 88 110 155 196 220 251 253 258 252 235 223 230 263 262 260 259 259 257 256 257 257 257 257 255 254 254 253 253 253 253 253 252 251 251 251 250 250 249 250 250 249 250 250 250 252
-9999 -9999 -9999 -9999 -9999 -9999 -9999 -9999 -9999 -9999 -9999 -9999 -9999 -9999 -9999 -9999 -9999 -9999 -9999 -9999 -9999 -9999 -9999 -9999 -9999 -9999 -9999 -9999 -9999 188 180 153 162 72 44 80 27 53 63 90 120 90 110 145 168 211 244 246 255 252 231 214 213 260 262 259 257 258 256 256 258 257 256 254 253 253 253 253 253 253 253 253 251 250 251 250 250 249 249 248 249 250 249 250 250 252
-9999 -9999 -9999 -9999 -9999 -9999 -9999 -9999 -9999 -9999 -9999 -9999 -9999 -9999 -9999 -9999 -9999 -9999 -9999 -9999 -9999 -9999 -9999 -9999 -9999 -9999 -9999 -9999 -9999 190 182 178 164 102 80 103 26 32 54 87 88 68 81 107 163 170 217 231 250 242 229 214 206 254 261 258 255 257 258 258 258 257 256 252 251 252 252 252 253 253 253 252 251 251 250 249 248 248 248 249 249 248 248 249 250 252
-9999 -9999 -9999 -9999 -9999 -9999 -9999 -9999 -9999 -9999 -9999 -9999 -9999 -9999 -9999 -9999 -9999 -9999 -9999 -9999 -9999 -9999 -9999 -9999 -9999 -9999 -9999 -9999 -9999 -9999 187 185 175 155 135 73 33 36 52 56 64 64 67 101 137 170 180 211 232 227 219 219 213 239 261 258 255 259 260 259 258 257 256 253 252 252 252 252 253 253 252 251 250 249 249 248 248 249 248 248 247 247 249 250 251 253
-9999 -9999 -9999 -9999 -9999 -9999 -9999 -9999 -9999 -9999 -9999 -9999 -9999 -9999 -9999 -9999 -9999 -9999 -9999 -9999 -9999 -9999 -9999 -9999 -9999 -9999 -9999 -9999 -9999 -9999 189 188 183 159 90 27 58 39 34 49 57 56 69 109 144 178 189 203 213 214 209 215 219 214 244 256 259 260 260 258 257 256 255 252 252 253 253 254 252 251 249 249 249 249 249 249 249 247 247 246 246 247 248 249 250 252
-9999 -9999 -9999 -9999 -9999 -9999 -9999 -9999 -9999 -9999 -9999 -9999 -9999 -9999 -9999 -9999 -9999 -9999 -9999 -9999 -9999 -9999 -9999 -9999 -9999 -9999 -9999 -9999 -9999 -9999 -9999 191 187 173 127 110 85 59 28 41 58 57 56 82 112 164 215 213 229 219 211 205 219 221 232 255 257 258 259 259 257 256 255 253 253 253 253 252 250 249 247 247 248 247 247 247 246 247 246 246 246 247 248 249 250 251
-9999 -9999 -9999 -9999 -9999 -9999 -9999 -9999 -9999 -9999 -9999 -9999 -9999 -9999 -9999 -9999 -9999 -9999 -9999 -9999 -9999 -9999 -9999 -9999 -9999 -9999 -9999 -9999 -9999 -9999 -9999 192 190 183 172 149 59 27 25 29 45 55 46 59 93 183 189 175 210 230 219 226 224 223 221 250 255 256 258 258 257 257 256 255 253 250 250 249 249 248 247 247 247 246 246 246 246 246 245 245 245 246 247 248 250 251
-9999 -9999 -9999 -9999 -9999 -9999 -9999 -9999 -9999 -9999 -9999 -9999 -9999 -9999 -9999 -9999 -9999 -9999 -9999 -9999 -9999 -9999 -9999 -9999 -9999 -9999 -9999 -9999 -9999 -9999 -9999 191 191 184 177 152 128 83 33 24 41 42 45 67 103 147 160 107 171 216 229 228 238 223 237 248 256 253 256 258 258 256 256 254 250 248 249 248 248 248 249 248 247 247 246 246 246 245 245 244 244 245 247 248 249 251
-9999 -9999 -9999 -9999 -9999 -9999 -9999 -9999 -9999 -9999 -9999 -9999 -9999 -9999 -9999 -9999 -9999 -9999 -9999 -9999 -9999 -9999 -9999 -9999 -9999 -9999 -9999 -9999 -9999 -9999 186 -9999 193 191 189 182 153 66 40 18 27 38 44 70 83 86 162 100 101 185 214 223 226 234 195 205 243 248 253 256 257 257 256 254 251 250 250 250 248 248 247 247 247 247 247 244 244 244 245 245 246 246 247 248 250 250
-9999 -9999 -9999 -9999 -9999 -9999 -9999 -9999 -9999 -9999 -9999 -9999 -9999 -9999 -9999 -9999 -9999 -9999 -9999 -9999 -9999 -9999 -9999 -9999 -9999 -9999 -9999 -9999 -9999 -9999 -9999 -9999 -9999 -9999 194 178 162 125 41 18 12 24 45 47 64 49 78 106 70 103 165 218 224 246 211 154 193 237 254 257 256 256 255 254 253 253 253 252 251 248 246 246 246 246 247 245 243 243 244 245 245 246 247 248 249 251
-9999 -9999 -9999 -9999 -9999 -9999 -9999 -9999 -9999 -9999 -9999 -9999 -9999 -9999 -9999 -9999 -9999 -9999 -9999 -9999 -9999 -9999 -9999 -9999 -9999 -9999 -9999 -9999 -9999 -9999 -9999 -9999 -9999 -9999 195 182 171 117 71 30 27 15 29 51 80 84 45 68 76 130 128 196 222 244 239 195 170 224 252 254 255 255 254 252 253 253 253 252 252 250 247 247 246 246 246 247 246 245 245 245 246 246 247 249 250 251
-9999 -9999 -9999 -9999 -9999 -9999 -9999 -9999 -9999 -9999 -9999 -9999 -9999 -9999 -9999 -9999 -9999 -9999 -9999 -9999 -9999 -9999 -9999 -9999 -9999 -9999 -9999 -9999 -9999 -9999 -9999 185 -9999 -9999 196 191 175 161 139 70 15 7 19 44 55 90 89 39 75 130 143 151 213 240 247 217 191 201 248 250 254 251 240 241 244 250 250 251 252 251 250 248 248 247 246 246 247 247 246 247 247 248 249 250 251 253
-9999 -9999 -9999 -9999 -9999 -9999 -9999 -9999 -9999 -9999 -9999 -9999 -9999 -9999 -9999 -9999 -9999 -9999 -9999 -9999 -9999 -9999 -9999 -9999 -9999 -9999 -9999 -9999 -9999 -9999 -9999 -9999 -9999 -9999 192 190 186 174 138 83 41 25 23 30 51 70 111 59 93 157 156 184 184 240 228 203 183 178 232 249 251 249 227 215 220 221 232 248 249 250 251 249 247 247 247 247 246 246 247 248 249 249 249 250 252 253
-9999 -9999 -9999 -9999 -9999 -9999 -9999 -9999 -9999 -9999 -9999 -9999 -9999 -9999 -9999 -9999 -9999 -9999 -9999 -9999 -9999 -9999 -9999 -9999 -9999 -9999 -9999 -9999 -9999 -9999 -9999 -9999 -9999 -9999 -9999 191 191 182 154 98 99 30 16 41 28 55 77 79 107 150 99 147 206 234 231 180 152 186 206 232 243 239 222 206 188 189 213 234 244 248 249 250 249 248 247 247 247 247 248 248 249 250 251 251 252 253
-9999 -9999 -9999 -9999 -9999 -9999 -9999 -9999 -9999 -9999 -9999 -9999 -9999 -9999 -9999 -9999 -9999 -9999 -9999 -9999 -9999 -9999 -9999 -9999 -9999 -9999 -9999 -9999 -9999 -9999 -9999 -9999 -9999 -9999 -9999 -9999 195 191 174 151 107 40 51 32 22 41 70 85 82 104 133 110 167 202 233 178 123 166 208 220 239 231 210 197 163 136 180 209 219 241 249 249 249 249 249 248 248 247 247 248 250 251 252 253 254 255
-9999 -9999 -9999 -9999 -9999 -9999 -9999 -9999 -9999 -9999 -9999 -9999 -9999 -9999 -9999 -9999 -9999 -9999 -9999 -9999 -9999 -9999 -9999 -9999 -9999 -9999 -9999 -9999 -9999 -9999 -9999 -9999 -9999 -9999 -9999 -9999 -9999 194 184 158 131 47 82 19 19 25 57 53 93 82 93 107 96 130 204 219 150 178 220 232 225 224 213 191 173 147 168 207 222 237 245 247 247 248 248 249 249 249 249 250 251 253 254 255 255 255
-9999 -9999 -9999 -9999 -9999 -9999 -9999 -9999 -9999 -9999 -9999 -9999 -9999 -9999 -9999 -9999 -9999 -9999 -9999 -9999 -9999 -9999 -9999 -9999 -9999 -9999 -9999 -9999 -9999 -9999 -9999 -9999 -9999 -9999 -9999 -9999 -9999 195 191 179 147 102 127 50 28 27 32 38 69 73 109 130 109 97 155 207 203 202 213 208 197 186 200 182 179 147 136 200 228 238 240 244 246 247 248 247 248 249 250 251 251 252 254 254 254 255
-9999 -9999 -9999 -9999 -9999 -9999 -9999 -9999 -9999 -9999 -9999 -9999 -9999 -9999 -9999 -9999 -9999 -9999 -9999 -9999 -9999 -9999 -9999 -9999 -9999 -9999 -9999 -9999 -9999 -9999 -9999 -9999 -9999 -9999 -9999 -9999 -9999 -9999 194 189 172 163 125 64 33 26 21 25 46 77 100 135 133 81 94 129 215 191 165 171 126 177 163 156 104 123 124 149 218 237 233 230 239 244 245 244 246 249 249 250 251 252 253 253 254 255
