layers/bio18_SA.asc
ncols        300
nrows        420
xllcorner    -83.000000000000
yllcorner    -57.000000000000
cellsize     0.166666666667
NODATA_value  -9999
[rows 190 to 227 of 420, columns 174 to 260 of 300]
375 382 391 398 402 410 415 417 414 405 398 400 666 661 382 386 382 386 397 400 386 377 372 367 360 359 357 325 312 609 610 624 639 647 762 785 774 747 740 650 646 646 655 642 630 628 631 612 611 611 584 548 515 496 487 490 505 533 528 532 558 588 594 596 590 579 566 546 532 515 478 447 431 426 427 425 416 410 392 379 370 363 359 357 357 357 -9999
374 384 389 394 392 398 404 405 403 397 392 388 660 389 380 376 378 373 372 376 373 367 372 373 366 356 348 338 616 609 611 623 641 654 763 752 746 656 654 659 658 651 653 643 629 630 636 625 629 618 596 569 536 512 501 495 502 504 502 508 540 595 609 620 608 592 578 552 533 494 454 439 435 427 425 426 424 431 417 394 380 374 368 362 360 356 -9999
370 379 383 392 393 390 392 394 391 384 385 382 382 379 373 371 366 363 362 359 357 360 361 366 365 356 344 342 629 623 621 628 639 731 661 746 726 728 655 656 659 658 658 647 644 633 646 644 649 637 617 604 575 539 524 510 504 503 473 490 535 585 622 631 620 596 566 516 511 484 449 444 447 437 429 437 420 421 423 398 386 379 371 365 358 352 -9999
373 377 379 384 391 392 383 381 383 376 377 380 387 382 374 363 357 353 349 346 347 346 347 353 359 356 346 631 629 630 634 639 645 652 659 747 740 744 668 675 676 671 662 648 641 637 652 667 671 654 632 627 601 559 542 537 528 522 509 498 539 579 625 620 597 576 559 530 494 449 449 462 465 452 463 448 428 420 426 401 396 385 372 363 355 348 -9999
371 379 375 380 382 381 383 378 372 630 372 372 375 379 365 360 353 345 337 336 615 334 334 531 535 536 536 635 634 637 642 647 653 658 659 665 761 768 778 800 698 694 678 648 629 633 656 674 677 643 629 625 612 585 568 573 569 569 564 546 545 575 626 622 593 580 583 567 482 446 480 479 472 480 469 456 430 420 423 403 388 383 367 359 351 342 -9999
528 377 374 375 375 374 373 368 616 619 623 628 636 642 360 352 345 336 328 599 596 598 507 505 507 508 511 626 637 647 657 660 661 663 666 755 771 695 700 804 813 816 789 641 618 620 650 677 674 638 624 622 621 615 607 605 604 605 588 563 557 577 625 589 599 587 560 506 457 454 499 508 491 466 443 434 428 424 411 392 379 366 361 353 343 337 -9999
521 523 521 522 603 603 606 607 609 610 613 620 626 630 631 629 338 608 590 580 574 573 578 579 479 484 493 622 641 654 665 663 660 659 660 671 774 789 705 805 799 787 771 755 617 630 653 674 662 632 613 609 619 625 615 619 621 597 577 571 572 596 614 576 580 554 540 503 451 456 482 504 486 460 445 433 429 415 415 395 388 365 344 339 336 -9999 -9999
512 519 516 514 513 593 595 598 600 602 601 607 613 619 621 621 611 589 567 630 621 618 557 559 565 575 474 606 628 655 674 661 652 649 656 665 684 703 705 696 789 770 764 648 632 633 658 658 639 615 591 586 597 596 610 626 632 598 563 591 609 619 634 580 567 541 523 468 445 461 474 508 485 455 450 437 448 413 409 411 406 345 318 316 -9999 -9999 -9999
507 510 638 507 633 580 581 587 588 589 590 592 598 603 607 611 601 655 622 600 596 600 602 608 549 560 582 600 619 646 662 651 639 641 649 662 684 724 714 690 674 772 758 642 626 615 627 640 626 591 568 581 595 598 606 620 621 594 559 589 640 638 656 600 543 513 500 449 446 457 480 516 475 465 465 457 452 426 450 421 383 315 292 298 -9999 -9999 -9999
504 503 505 504 571 567 571 575 575 574 575 575 580 585 585 588 578 630 599 579 578 590 601 533 538 549 568 591 608 626 632 631 622 631 653 675 707 732 724 693 661 636 614 626 653 632 599 614 609 587 569 594 612 596 595 597 614 605 562 557 646 619 669 579 513 468 453 451 456 479 491 504 489 486 480 490 471 451 442 408 377 306 274 -9999 -9999 -9999 -9999
500 585 586 585 559 557 556 561 561 562 561 560 560 562 560 555 545 602 583 572 573 583 594 605 620 634 652 674 593 691 613 611 603 620 655 688 712 730 718 410 756 751 608 597 638 630 613 639 646 611 597 611 630 610 595 598 593 612 588 569 621 641 682 591 494 466 450 454 473 505 514 529 515 555 480 462 434 458 442 398 339 297 287 -9999 -9999 -9999 -9999
577 574 546 549 570 597 547 544 546 546 549 545 540 539 531 529 587 579 570 566 570 579 591 606 622 644 667 603 694 695 615 608 603 621 656 697 718 724 716 410 757 751 623 607 596 630 659 657 670 620 598 599 634 648 650 664 620 629 629 587 581 607 645 566 507 478 467 471 492 553 519 524 522 517 458 438 386 416 411 353 321 290 -9999 -9999 -9999 -9999 -9999
569 565 561 558 537 585 535 533 530 531 532 529 524 518 508 562 562 556 556 561 568 575 586 598 612 629 648 653 615 622 629 696 623 632 657 686 705 710 710 703 687 667 640 625 619 613 627 640 632 617 594 596 641 670 700 727 701 678 642 600 602 602 558 552 523 501 486 492 515 542 519 506 501 490 447 393 352 351 367 306 289 -9999 -9999 -9999 -9999 -9999 -9999
556 556 551 546 542 539 524 522 521 517 516 514 508 496 526 541 541 536 545 556 565 573 579 586 592 601 608 619 654 685 630 638 644 638 647 662 674 689 779 704 694 680 663 661 653 646 644 635 648 650 598 589 608 646 724 751 726 688 647 625 619 602 579 570 554 537 517 505 537 521 521 492 489 475 464 415 365 316 294 286 281 -9999 -9999 -9999 -9999 -9999 -9999
549 545 543 514 511 509 511 510 507 506 504 535 525 509 506 515 525 530 545 558 567 573 575 575 577 583 590 605 637 673 683 635 638 639 640 645 649 650 662 756 686 689 684 678 668 671 656 628 618 612 599 589 590 640 698 737 715 676 644 630 623 630 622 609 597 568 522 524 537 526 513 490 453 443 408 377 345 298 280 278 -9999 -9999 -9999 -9999 -9999 -9999 -9999
505 537 532 502 500 496 496 540 536 533 531 527 514 500 487 499 518 535 550 564 576 584 579 576 572 576 585 601 624 645 656 626 635 636 635 632 736 746 638 653 686 685 672 669 664 647 637 629 618 622 618 603 598 620 664 695 700 684 664 644 634 634 653 636 610 576 550 548 535 532 516 484 443 412 393 353 318 286 268 -9999 -9999 -9999 -9999 -9999 -9999 -9999 -9999
497 530 525 518 511 501 530 526 478 518 477 515 507 502 506 513 522 538 554 568 582 591 591 594 585 583 589 603 617 629 643 619 629 633 628 620 626 639 634 640 644 645 663 671 679 667 644 631 628 615 616 626 611 615 652 688 692 677 672 670 663 670 698 692 642 611 597 547 526 509 493 486 463 409 380 355 329 302 275 -9999 -9999 -9999 -9999 -9999 -9999 -9999 -9999
529 525 518 510 501 471 469 467 463 506 503 501 502 505 515 523 529 539 557 569 580 589 595 594 590 587 593 608 623 621 632 612 675 630 622 607 606 622 638 655 639 621 658 692 680 669 662 653 640 626 618 624 629 625 666 683 704 679 685 684 687 681 698 702 673 637 605 560 531 505 485 486 462 407 381 351 338 329 -9999 -9999 -9999 -9999 -9999 -9999 -9999 -9999 -9999
525 521 513 504 495 514 507 500 495 492 488 491 499 504 507 517 525 533 549 564 574 574 567 570 585 590 588 601 608 604 580 639 619 621 610 603 604 612 627 636 617 646 648 736 750 711 710 685 635 616 625 629 634 631 670 680 685 688 704 707 699 669 669 678 681 659 636 580 529 511 498 482 471 464 382 350 338 328 -9999 -9999 -9999 -9999 -9999 -9999 -9999 -9999 -9999
524 517 509 499 489 451 496 491 484 480 479 484 493 496 499 516 526 530 538 549 561 564 559 565 579 580 584 588 583 584 595 620 649 663 666 612 621 625 621 572 551 582 629 710 780 745 714 718 649 601 622 666 656 642 647 706 711 711 720 717 696 673 638 632 658 658 636 582 564 569 528 510 509 405 363 345 334 324 316 -9999 -9999 -9999 -9999 -9999 -9999 -9999 -9999
528 517 503 494 479 490 483 476 471 468 470 475 481 485 494 518 532 526 525 530 536 545 557 569 576 588 600 588 567 566 576 603 632 650 594 607 621 629 618 575 553 596 642 686 714 729 724 694 617 587 617 705 684 673 697 798 783 747 738 696 684 654 610 612 666 667 658 633 615 626 605 557 458 382 352 335 325 320 314 -9999 -9999 -9999 -9999 -9999 -9999 -9999 -9999
531 516 496 483 470 477 469 462 459 458 460 466 474 480 494 517 530 525 523 528 534 541 549 564 597 614 610 584 569 576 580 599 628 652 659 614 625 625 611 609 656 614 647 689 694 677 660 628 587 609 656 719 791 706 703 850 816 738 699 681 673 667 630 659 683 693 676 649 609 602 590 524 395 357 339 328 321 -9999 -9999 -9999 -9999 -9999 -9999 -9999 -9999 -9999 -9999
525 508 488 471 473 462 456 452 450 451 452 456 466 478 493 512 532 543 542 538 539 546 554 560 576 597 596 583 577 586 594 606 628 648 662 622 629 625 606 665 607 672 644 666 682 683 727 696 626 650 685 743 833 834 812 844 786 709 680 648 633 623 643 685 727 724 678 614 607 561 514 414 354 340 -9999 -9999 -9999 -9999 -9999 -9999 -9999 -9999 -9999 -9999 -9999 -9999 -9999
509 494 475 473 459 448 444 440 440 440 445 451 464 476 487 504 536 568 560 546 545 554 551 545 561 582 590 582 578 584 598 616 631 629 628 635 594 599 595 594 594 653 688 677 669 708 766 690 718 738 804 851 834 713 682 701 717 711 678 632 594 601 655 708 719 652 548 511 517 419 369 335 327 -9999 -9999 -9999 -9999 -9999 -9999 -9999 -9999 -9999 -9999 -9999 -9999 -9999 -9999
508 491 475 459 445 438 435 433 434 438 443 453 468 479 485 494 525 559 552 540 537 543 547 552 561 589 595 581 569 573 593 617 636 621 568 603 560 559 571 580 581 586 673 651 664 699 706 753 822 816 850 828 669 657 690 770 764 724 690 640 602 544 569 575 544 506 480 464 434 367 323 283 261 -9999 -9999 -9999 -9999 -9999 -9999 -9999 -9999 -9999 -9999 -9999 -9999 -9999 -9999
494 479 463 449 435 429 428 429 433 437 445 459 476 489 498 507 523 534 527 521 516 517 537 582 578 592 593 568 547 550 578 562 624 581 598 539 531 526 537 608 616 627 651 609 611 646 690 765 748 801 683 628 667 701 673 706 690 684 658 619 581 496 502 487 487 453 444 431 387 331 281 239 234 -9999 -9999 -9999 -9999 -9999 -9999 -9999 -9999 -9999 -9999 -9999 -9999 -9999 -9999
481 467 452 441 428 422 420 421 427 439 450 468 484 496 510 524 532 528 517 506 494 491 507 563 567 561 564 548 524 498 524 550 567 568 587 526 520 513 518 532 546 562 583 592 602 621 650 629 620 611 609 638 695 677 681 736 718 693 619 573 506 473 470 446 459 -9999 -9999 -9999 -9999 -9999 -9999 204 -9999 -9999 -9999 -9999 -9999 -9999 -9999 -9999 -9999 -9999 -9999 -9999 -9999 -9999 -9999
470 456 446 437 427 422 418 418 425 439 453 468 490 497 516 537 502 533 512 497 483 479 492 519 535 542 547 544 517 509 536 522 537 578 539 529 521 515 518 534 555 576 595 602 628 625 608 596 574 596 637 639 711 755 795 794 768 652 606 550 -9999 -9999 -9999 -9999 -9999 -9999 -9999 -9999 -9999 -9999 -9999 -9999 -9999 -9999 -9999 -9999 -9999 -9999 -9999 -9999 -9999 -9999 -9999 -9999 -9999 -9999 -9999
462 449 442 438 435 432 428 426 429 442 459 467 476 500 521 506 505 541 518 499 480 476 483 497 512 517 526 529 505 491 514 549 561 552 557 520 509 505 519 535 568 593 604 602 621 634 607 623 616 620 642 692 774 905 928 850 780 -9999 -9999 -9999 -9999 -9999 -9999 -9999 -9999 -9999 -9999 -9999 -9999 -9999 -9999 -9999 -9999 -9999 -9999 -9999 -9999 -9999 -9999 -9999 -9999 -9999 -9999 -9999 -9999 -9999 -9999
455 441 431 442 446 440 436 437 442 451 469 484 497 511 525 541 557 480 523 508 492 471 473 480 491 491 488 489 490 485 504 494 537 531 530 499 490 482 490 551 608 645 645 611 597 656 707 763 760 790 762 766 844 899 -9999 -9999 -9999 -9999 -9999 -9999 -9999 -9999 -9999 -9999 -9999 -9999 -9999 -9999 -9999 -9999 -9999 -9999 -9999 -9999 -9999 -9999 -9999 -9999 -9999 -9999 -9999 -9999 -9999 -9999 -9999 -9999 -9999
450 425 413 430 457 441 437 442 456 472 483 503 517 529 542 550 547 540 525 512 496 466 466 470 473 481 474 477 481 481 498 510 510 509 488 486 489 497 545 637 686 738 711 700 761 893 970 1022 961 882 827 756 822 770 -9999 -9999 -9999 -9999 -9999 -9999 -9999 -9999 -9999 -9999 -9999 -9999 -9999 -9999 -9999 -9999 -9999 -9999 -9999 -9999 -9999 -9999 -9999 -9999 -9999 -9999 -9999 -9999 -9999 -9999 -9999 -9999 -9999
442 404 388 423 442 432 427 449 473 494 503 519 535 545 555 552 537 530 516 497 477 463 465 468 473 482 478 488 485 490 496 517 515 508 498 514 521 570 654 706 731 775 822 877 1030 995 999 1029 -9999 -9999 722 846 796 -9999 -9999 -9999 -9999 -9999 -9999 -9999 -9999 -9999 -9999 -9999 -9999 -9999 -9999 -9999 -9999 -9999 -9999 -9999 -9999 -9999 -9999 -9999 -9999 -9999 -9999 -9999 -9999 -9999 -9999 -9999 -9999 -9999 -9999
440 410 401 438 453 452 451 467 499 521 521 519 532 545 564 565 549 524 504 481 466 463 462 435 441 458 457 509 519 523 530 546 544 535 531 553 573 630 674 713 746 809 852 911 1016 986 979 -9999 -9999 853 -9999 -9999 -9999 -9999 -9999 -9999 -9999 -9999 -9999 -9999 -9999 -9999 -9999 -9999 -9999 -9999 -9999 -9999 -9999 -9999 -9999 -9999 -9999 -9999 -9999 -9999 -9999 -9999 -9999 -9999 -9999 -9999 -9999 -9999 -9999 -9999 -9999
462 447 450 472 488 493 498 515 535 543 525 499 509 527 550 559 541 517 492 469 455 458 447 453 473 497 508 507 504 501 542 548 555 562 571 622 692 692 676 704 761 817 818 847 -9999 -9999 -9999 -9999 -9999 -9999 -9999 -9999 -9999 -9999 -9999 -9999 -9999 -9999 -9999 -9999 -9999 -9999 -9999 -9999 -9999 -9999 -9999 -9999 -9999 -9999 -9999 -9999 -9999 -9999 -9999 -9999 -9999 -9999 -9999 -9999 -9999 -9999 -9999 -9999 -9999 -9999 -9999
478 470 483 508 520 521 534 552 571 572 540 486 494 502 516 543 518 504 484 464 446 441 443 478 502 505 510 505 487 517 540 544 549 569 597 642 679 681 692 736 808 842 828 -9999 -9999 -9999 -9999 -9999 -9999 -9999 -9999 -9999 -9999 -9999 -9999 -9999 -9999 -9999 -9999 -9999 -9999 -9999 -9999 -9999 -9999 -9999 -9999 -9999 -9999 -9999 -9999 -9999 -9999 -9999 -9999 -9999 -9999 -9999 -9999 -9999 -9999 -9999 -9999 -9999 -9999 -9999 -9999
478 464 490 528 547 549 561 586 603 596 578 530 520 519 503 515 504 496 487 469 461 445 468 485 499 509 513 478 464 472 512 533 562 587 605 643 678 699 696 726 788 -9999 -9999 -9999 -9999 -9999 -9999 -9999 -9999 -9999 -9999 -9999 -9999 -9999 -9999 -9999 -9999 -9999 -9999 -9999 -9999 -9999 -9999 -9999 -9999 -9999 -9999 -9999 -9999 -9999 -9999 -9999 -9999 -9999 -9999 -9999 -9999 -9999 -9999 -9999 -9999 -9999 -9999 -9999 -9999 -9999 -9999
479 465 504 549 579 575 574 587 601 589 569 556 565 563 521 502 491 484 491 481 467 440 470 488 501 520 498 428 386 470 511 538 575 607 633 696 741 755 713 730 -9999 -9999 -9999 -9999 -9999 -9999 -9999 -9999 -9999 -9999 -9999 -9999 -9999 -9999 -9999 -9999 -9999 -9999 -9999 -9999 -9999 -9999 -9999 -9999 -9999 -9999 -9999 -9999 -9999 -9999 -9999 -9999 -9999 -9999 -9999 -9999 -9999 -9999 -9999 -9999 -9999 -9999 -9999 -9999 -9999 -9999 -9999
503 508 528 555 576 580 577 581 584 573 555 549 557 555 532 506 480 468 478 485 475 467 454 492 512 519 463 419 466 521 530 535 603 629 689 815 896 847 -9999 -9999 -9999 -9999 -9999 -9999 -9999 -9999 -9999 -9999 -9999 -9999 -9999 -9999 -9999 -9999 -9999 -9999 -9999 -9999 -9999 -9999 -9999 -9999 -9999 -9999 -9999 -9999 -9999 -9999 -9999 -9999 -9999 -9999 -9999 -9999 -9999 -9999 -9999 -9999 -9999 -9999 -9999 -9999 -9999 -9999 -9999 -9999 -9999
