layers/bio19_SA.asc
ncols        300
nrows        420
xllcorner    -83.000000000000
yllcorner    -57.000000000000
cellsize     0.166666666667
NODATA_value  -9999
[rows 40 to 79 of 420, columns 0 to 89 of 300]
-9999 -9999 -9999 -9999 -9999 -9999 -9999 -9999 -9999 -9999 -9999 -9999 -9999 -9999 -9999 -9999 -9999 -9999 -9999 -9999 -9999 -9999 -9999 -9999 -9999 -9999 -9999 -9999 -9999 -9999 -9999 -9999 -9999 1719 1742 1652 1595 1564 1527 1403 865 704 587 545 505 529 726 933 949 704 581 800 871 937 971 943 822 899 877 544 306 301 357 701 574 893 1223 1137 1053 1009 969 938 918 907 907 916 933 953 981 1010 1040 1069 1091 1109 1120 1128 1129 1127 1127 1126
-9999 -9999 -9999 -9999 -9999 -9999 -9999 -9999 -9999 -9999 -9999 -9999 -9999 -9999 -9999 -9999 -9999 -9999 -9999 -9999 -9999 -9999 -9999 -9999 -9999 -9999 -9999 -9999 -9999 -9999 -9999 -9999 -9999 1727 1822 1789 1749 1792 1717 1644 1056 724 660 617 620 579 728 1098 997 702 627 812 865 909 835 754 827 828 492 319 349 279 492 507 625 1073 1181 1080 1025 986 954 931 915 911 915 927 944 965 990 1017 1042 1063 1080 1104 1116 1125 1131 1129 1124 1119
-9999 -9999 -9999 -9999 -9999 -9999 -9999 -9999 -9999 -9999 -9999 -9999 -9999 -9999 -9999 -9999 -9999 -9999 -9999 -9999 -9999 -9999 -9999 -9999 -9999 -9999 -9999 -9999 -9999 -9999 -9999 -9999 -9999 1720 1785 1805 1790 1833 1807 1851 1218 741 766 671 663 670 823 1077 966 746 727 749 836 830 657 497 499 371 276 260 197 399 585 415 816 1130 1122 1037 990 955 928 912 905 907 916 932 950 974 997 1028 1052 1072 1090 1106 1120 1127 1132 1129 1122 1112
-9999 -9999 -9999 -9999 -9999 -9999 -9999 -9999 -9999 -9999 -9999 -9999 -9999 -9999 -9999 -9999 -9999 -9999 -9999 -9999 -9999 -9999 -9999 -9999 -9999 -9999 -9999 -9999 -9999 -9999 -9999 -9999 -9999 -9999 1775 1782 1689 1672 1843 2009 1711 825 765 719 664 744 747 1208 992 798 800 807 841 799 684 249 221 225 199 181 189 482 382 631 1064 1159 1060 989 946 915 894 885 887 896 913 933 957 983 1010 1037 1060 1079 1094 1110 1121 1131 1131 1129 1123 1115
-9999 -9999 -9999 -9999 -9999 -9999 -9999 -9999 -9999 -9999 -9999 -9999 -9999 -9999 -9999 -9999 -9999 -9999 -9999 -9999 -9999 -9999 -9999 -9999 -9999 -9999 -9999 -9999 -9999 -9999 -9999 -9999 1836 1861 1982 1784 1701 1729 1937 2034 1888 984 746 747 702 740 816 1207 1055 779 799 863 834 782 236 164 147 218 206 227 321 488 779 1121 1186 1048 981 932 892 867 853 852 863 884 908 935 963 993 1021 1046 1066 1087 1108 1122 1132 1138 1139 1138 1132 1123
-9999 -9999 -9999 -9999 -9999 -9999 -9999 -9999 -9999 -9999 -9999 -9999 -9999 -9999 -9999 -9999 -9999 -9999 -9999 -9999 -9999 -9999 -9999 -9999 -9999 -9999 -9999 -9999 -9999 -9999 -9999 -9999 1873 1780 2038 1833 1751 1832 2089 2133 2011 1307 810 719 672 665 666 1088 1059 732 815 776 752 684 200 152 263 293 355 379 482 739 1134 1401 1068 977 928 878 842 817 807 816 839 871 905 943 974 1005 1032 1058 1081 1103 1121 1133 1139 1145 1150 1150 1142 1135
-9999 -9999 -9999 -9999 -9999 -9999 -9999 -9999 -9999 -9999 -9999 -9999 -9999 -9999 -9999 -9999 -9999 -9999 -9999 -9999 -9999 -9999 -9999 -9999 -9999 -9999 -9999 -9999 -9999 -9999 -9999 -9999 -9999 1809 1908 1903 1934 2262 2299 2025 1535 917 711 632 647 646 623 978 951 678 756 691 664 291 222 190 294 441 581 859 1089 1535 1606 1206 1013 945 893 842 800 770 761 778 819 864 913 952 983 1014 1041 1065 1087 1109 1128 1141 1154 1159 1160 1160 1158 1153
-9999 -9999 -9999 -9999 -9999 -9999 -9999 -9999 -9999 -9999 -9999 -9999 -9999 -9999 -9999 -9999 -9999 -9999 -9999 -9999 -9999 -9999 -9999 -9999 -9999 -9999 -9999 -9999 -9999 -9999 -9999 -9999 -9999 1994 1889 1927 2027 2242 2224 1894 1129 819 640 644 648 637 662 839 730 565 700 630 561 228 188 283 417 637 905 1382 1523 1593 1276 992 942 908 867 819 769 724 709 744 808 875 928 971 1006 1034 1057 1080 1099 1117 1141 1153 1162 1167 1171 1173 1174 1176
-9999 -9999 -9999 -9999 -9999 -9999 -9999 -9999 -9999 -9999 -9999 -9999 -9999 -9999 -9999 -9999 -9999 -9999 -9999 -9999 -9999 -9999 -9999 -9999 -9999 -9999 -9999 -9999 -9999 -9999 -9999 -9999 -9999 1881 1892 1915 1945 2014 1911 1434 1002 790 573 649 746 650 611 708 564 485 655 557 256 173 236 476 631 901 1437 1718 1740 1291 998 908 901 886 854 811 760 700 663 732 831 909 964 999 1023 1044 1063 1086 1105 1128 1145 1160 1169 1173 1179 1187 1196 1205
-9999 -9999 -9999 -9999 -9999 -9999 -9999 -9999 -9999 -9999 -9999 -9999 -9999 -9999 -9999 -9999 -9999 -9999 -9999 -9999 -9999 -9999 -9999 -9999 -9999 -9999 -9999 -9999 -9999 -9999 -9999 -9999 -9999 2060 1884 1825 1762 1790 1464 943 759 582 463 665 825 652 611 622 455 471 559 428 147 157 297 554 853 1355 1816 1626 1312 1068 994 939 909 885 857 826 789 749 718 794 900 969 1004 1024 1046 1064 1082 1102 1119 1136 1149 1158 1173 1182 1189 1202 1217 1237
-9999 -9999 -9999 -9999 -9999 -9999 -9999 -9999 -9999 -9999 -9999 -9999 -9999 -9999 -9999 -9999 -9999 -9999 -9999 -9999 -9999 -9999 -9999 -9999 -9999 -9999 -9999 -9999 -9999 -9999 -9999 -9999 -9999 2140 2093 1806 1671 1608 1409 728 542 405 434 680 777 619 578 542 393 396 459 468 135 188 330 596 1023 1712 1799 1334 1097 1041 1022 976 929 896 874 859 852 869 886 920 1010 1047 1054 1060 1067 1086 1099 1113 1125 1138 1157 1167 1174 1183 1200 1213 1229 1252
-9999 -9999 -9999 -9999 -9999 -9999 -9999 -9999 -9999 -9999 -9999 -9999 -9999 -9999 -9999 -9999 -9999 -9999 -9999 -9999 -9999 -9999 -9999 -9999 -9999 -9999 -9999 -9999 -9999 -9999 -9999 -9999 -9999 2074 2016 1895 1722 1524 1074 575 542 339 462 653 611 515 530 493 422 407 468 431 233 296 526 871 1510 1716 1452 1109 1068 1077 1074 1009 944 911 912 905 908 925 939 972 1036 1065 1067 1073 1077 1086 1099 1112 1130 1140 1153 1166 1175 1193 1202 1213 1229 1255
-9999 -9999 -9999 -9999 -9999 -9999 -9999 -9999 -9999 -9999 -9999 -9999 -9999 -9999 -9999 -9999 -9999 -9999 -9999 -9999 -9999 -9999 -9999 -9999 -9999 -9999 -9999 -9999 -9999 -9999 -9999 -9999 2335 2357 2362 2045 1795 1427 802 604 454 413 603 630 575 492 599 478 414 462 566 467 311 394 753 1412 1686 1287 1096 1071 1081 1090 1103 1047 970 943 950 940 934 931 941 968 1010 1037 1046 1058 1076 1093 1117 1127 1139 1150 1162 1171 1183 1188 1194 1207 1223 1248
-9999 -9999 -9999 -9999 -9999 -9999 -9999 -9999 -9999 -9999 -9999 -9999 -9999 -9999 -9999 -9999 -9999 -9999 -9999 -9999 -9999 -9999 -9999 -9999 -9999 -9999 -9999 -9999 -9999 -9999 -9999 -9999 2388 2455 2493 2189 1884 1241 628 551 397 532 510 563 460 611 595 434 453 605 610 253 469 443 820 1559 1157 1015 946 997 1031 1013 1010 998 969 960 964 943 934 924 919 937 978 1012 1045 1061 1088 1103 1116 1129 1143 1154 1161 1171 1176 1183 1191 1200 1211 1226
-9999 -9999 -9999 -9999 -9999 -9999 -9999 -9999 746 -9999 -9999 -9999 -9999 -9999 -9999 -9999 -9999 -9999 -9999 -9999 -9999 -9999 -9999 -9999 -9999 -9999 -9999 -9999 -9999 -9999 -9999 -9999 -9999 2528 2566 2483 1801 854 514 426 438 524 548 545 587 688 544 495 559 736 540 304 506 530 1360 1196 1007 906 894 935 937 876 924 958 953 970 960 957 948 935 919 935 975 1011 1038 1063 1081 1098 1114 1125 1137 1145 1154 1162 1171 1177 1185 1190 1195 1200
-9999 -9999 -9999 -9999 -9999 -9999 -9999 -9999 -9999 -9999 -9999 -9999 -9999 -9999 -9999 -9999 -9999 -9999 -9999 -9999 -9999 -9999 -9999 -9999 -9999 -9999 -9999 -9999 -9999 -9999 -9999 -9999 -9999 -9999 2249 2143 1365 530 395 356 430 600 687 610 855 764 625 591 689 715 247 478 438 611 1362 1043 913 902 899 945 935 902 913 935 950 977 978 972 961 946 948 963 992 1017 1038 1059 1080 1095 1109 1120 1127 1138 1148 1157 1166 1174 1181 1186 1190 1192
-9999 -9999 -9999 -9999 -9999 -9999 -9999 -9999 -9999 -9999 -9999 -9999 -9999 -9999 -9999 -9999 -9999 -9999 -9999 -9999 -9999 -9999 -9999 -9999 -9999 -9999 -9999 -9999 -9999 -9999 -9999 -9999 -9999 2176 2170 1929 969 529 442 322 422 621 706 743 935 849 863 620 760 627 314 390 474 959 1114 832 873 911 935 970 959 940 941 948 970 988 983 984 975 981 978 984 998 1018 1039 1057 1075 1091 1100 1113 1129 1142 1152 1164 1173 1179 1184 1188 1194 1200
-9999 -9999 -9999 -9999 -9999 -9999 -9999 -9999 -9999 -9999 -9999 -9999 -9999 -9999 -9999 -9999 -9999 -9999 -9999 -9999 -9999 -9999 -9999 -9999 -9999 -9999 -9999 -9999 -9999 -9999 -9999 -9999 -9999 2133 2093 1701 823 752 546 362 439 705 708 835 909 911 764 615 681 584 372 515 786 1035 1003 896 877 940 981 992 989 982 970 967 989 1008 1010 1006 1010 1006 1008 1014 1018 1031 1044 1068 1080 1087 1101 1124 1136 1142 1158 1164 1172 1180 1186 1194 1202 1211
-9999 -9999 -9999 -9999 -9999 -9999 -9999 -9999 -9999 -9999 -9999 -9999 -9999 -9999 -9999 -9999 -9999 -9999 -9999 -9999 -9999 -9999 -9999 -9999 -9999 -9999 -9999 -9999 -9999 -9999 -9999 -9999 2069 2156 2125 1662 933 877 662 474 528 714 685 756 884 877 583 487 563 411 549 707 828 1069 1113 972 911 975 1029 1017 1004 1003 1000 1009 1014 1014 1011 1009 1011 1018 1020 1026 1037 1050 1063 1069 1073 1088 1112 1122 1134 1146 1157 1160 1170 1179 1189 1198 1209 1223
-9999 -9999 -9999 -9999 -9999 -9999 -9999 -9999 -9999 -9999 -9999 -9999 -9999 -9999 -9999 -9999 -9999 -9999 -9999 -9999 -9999 -9999 -9999 -9999 -9999 -9999 -9999 -9999 1210 -9999 -9999 1805 2022 2324 2542 1549 1123 930 744 628 636 419 379 678 751 737 532 545 334 418 537 701 799 1040 1143 913 914 966 1012 1035 1031 1033 1021 1015 1020 1016 1015 1019 1015 1018 1021 1027 1042 1059 1072 1081 1078 1100 1112 1123 1129 1138 1147 1157 1167 1177 1188 1200 1215 1233
-9999 -9999 -9999 -9999 -9999 -9999 -9999 -9999 -9999 -9999 -9999 -9999 -9999 -9999 -9999 -9999 -9999 -9999 -9999 -9999 -9999 -9999 -9999 -9999 -9999 -9999 -9999 -9999 1180 -9999 -9999 1730 1968 2424 2787 1952 1124 954 785 703 628 436 401 335 677 630 534 566 372 436 571 760 825 985 1112 907 908 953 994 1006 1012 1023 1022 1020 1011 1011 1011 1010 1014 1020 1025 1035 1040 1051 1079 1086 1081 1104 1112 1117 1124 1132 1139 1147 1158 1173 1186 1203 1221 1240
-9999 -9999 -9999 -9999 -9999 -9999 -9999 -9999 -9999 -9999 -9999 -9999 -9999 -9999 -9999 -9999 -9999 -9999 -9999 -9999 -9999 -9999 -9999 -9999 -9999 -9999 -9999 -9999 967 885 1167 1558 1892 2208 1979 1569 1112 937 750 688 451 526 349 422 609 612 561 347 383 460 566 713 890 966 1028 948 925 943 972 986 995 1005 1009 1007 1007 1012 1020 1025 1026 1030 1032 1037 1041 1051 1074 1072 1092 1101 1105 1112 1119 1125 1130 1141 1156 1167 1182 1200 1218 1240
-9999 -9999 -9999 -9999 -9999 -9999 -9999 -9999 -9999 -9999 -9999 -9999 -9999 -9999 -9999 -9999 -9999 -9999 -9999 -9999 -9999 -9999 -9999 -9999 -9999 -9999 880 836 908 964 946 1367 1541 1427 1347 1283 1187 910 807 668 515 451 495 544 569 533 291 412 400 442 576 762 942 980 960 941 915 920 938 958 974 990 996 1005 1014 1019 1028 1028 1032 1036 1044 1056 1063 1066 1077 1084 1091 1096 1102 1106 1108 1128 1132 1141 1146 1159 1174 1192 1213 1234
-9999 -9999 -9999 -9999 -9999 -9999 -9999 -9999 -9999 -9999 -9999 -9999 -9999 -9999 -9999 -9999 -9999 -9999 -9999 -9999 -9999 -9999 -9999 -9999 -9999 -9999 701 780 868 900 994 1201 1221 1257 1260 1233 1083 901 869 467 516 401 301 220 168 329 429 391 387 456 576 748 896 941 925 910 889 892 903 921 949 981 988 995 1000 1004 1015 1021 1025 1028 1037 1046 1062 1076 1071 1078 1084 1093 1095 1097 1108 1112 1116 1127 1133 1145 1160 1179 1200 1284
-9999 -9999 -9999 -9999 -9999 -9999 -9999 -9999 -9999 -9999 -9999 -9999 -9999 -9999 -9999 -9999 -9999 -9999 -9999 -9999 -9999 -9999 -9999 -9999 -9999 614 627 751 868 968 1026 1096 1020 1217 1236 1097 763 920 306 516 461 421 381 223 260 535 423 405 459 471 575 708 817 870 882 875 865 866 880 904 938 950 959 976 989 993 1003 1010 1018 1026 1036 1040 1051 1056 1063 1071 1079 1081 1086 1100 1099 1099 1104 1112 1124 1126 1142 1161 1188 1201
-9999 -9999 -9999 -9999 -9999 -9999 -9999 -9999 -9999 -9999 -9999 -9999 -9999 -9999 -9999 -9999 -9999 -9999 -9999 -9999 -9999 -9999 -9999 -9999 -9999 522 579 736 898 1016 1044 996 877 1062 1058 660 852 906 475 383 463 482 364 280 476 548 446 529 567 530 613 705 780 826 844 847 844 848 863 888 916 930 948 960 971 986 1001 1013 1017 1032 1063 1071 1049 1060 1068 1072 1077 1081 1092 1092 1089 1088 1086 1092 1096 1102 1118 1142 1173 1257
-9999 -9999 -9999 -9999 -9999 -9999 -9999 -9999 -9999 -9999 -9999 -9999 -9999 -9999 -9999 -9999 -9999 -9999 -9999 -9999 -9999 -9999 -9999 -9999 -9999 290 584 744 960 1097 1061 918 760 889 603 523 795 314 500 448 436 371 457 477 564 551 685 865 751 675 687 731 776 807 823 829 830 838 853 873 894 914 935 954 965 976 993 1010 1019 1036 1054 1039 1045 1054 1061 1071 1083 1087 1088 1083 1079 1074 1067 1063 1064 1073 1092 1122 1158 1177
-9999 -9999 -9999 -9999 -9999 -9999 -9999 -9999 -9999 -9999 -9999 -9999 -9999 -9999 -9999 -9999 -9999 -9999 -9999 -9999 -9999 -9999 -9999 250 286 352 556 827 1109 1214 1097 952 698 762 492 677 714 407 412 503 638 609 614 663 726 681 931 945 853 783 762 770 789 805 815 821 826 834 848 866 886 905 926 942 962 972 990 1004 1023 1030 1052 1037 1043 1054 1063 1076 1084 1082 1077 1074 1067 1056 1045 1036 1031 1036 1060 1098 1137 1162
-9999 -9999 -9999 -9999 -9999 -9999 -9999 -9999 -9999 -9999 -9999 -9999 -9999 -9999 -9999 -9999 -9999 -9999 -9999 -9999 -9999 -9999 -9999 238 278 367 559 847 1088 1201 1053 931 769 641 641 717 483 528 463 630 686 811 821 909 1144 973 1031 960 896 844 817 806 808 815 821 826 829 839 851 865 886 899 917 934 949 968 981 993 1005 1022 1028 1037 1042 1051 1059 1069 1076 1082 1080 1074 1064 1047 1029 1010 993 989 1017 1071 1130 1161
-9999 -9999 -9999 -9999 -9999 -9999 -9999 -9999 -9999 -9999 -9999 -9999 -9999 -9999 -9999 -9999 -9999 -9999 -9999 -9999 -9999 -9999 -9999 -9999 313 381 577 860 1089 1346 1094 872 576 643 584 626 632 574 792 809 861 931 1041 1078 1137 1109 1040 974 918 877 854 836 829 829 832 835 838 844 856 869 916 905 914 928 940 955 966 981 992 1003 1019 1039 1034 1043 1052 1063 1071 1076 1075 1070 1058 1035 1016 992 964 939 965 1039 1117 1152
-9999 -9999 -9999 -9999 -9999 -9999 -9999 -9999 -9999 -9999 -9999 -9999 -9999 -9999 -9999 -9999 -9999 -9999 -9999 -9999 -9999 -9999 -9999 345 402 408 595 779 1164 1117 693 528 489 214 238 501 706 733 1113 975 1106 1140 1121 1074 1085 1063 1013 965 924 891 874 859 849 847 846 848 851 854 863 873 895 904 914 922 939 948 957 968 979 999 1005 1015 1025 1030 1042 1054 1066 1073 1071 1060 1046 1030 1011 987 956 933 956 1016 1073 1102
-9999 -9999 -9999 -9999 -9999 -9999 -9999 -9999 -9999 -9999 -9999 -9999 -9999 -9999 -9999 -9999 -9999 -9999 -9999 -9999 105 115 288 399 446 513 653 873 1025 667 452 171 160 215 401 527 732 1076 1402 1184 1169 1145 1119 1085 1054 1014 970 938 916 894 885 875 867 865 862 861 863 867 871 879 889 927 913 917 932 939 948 961 968 977 987 999 1018 1015 1030 1041 1061 1062 1057 1047 1042 1033 1018 998 974 960 969 1001 1033 1051
-9999 -9999 -9999 -9999 -9999 -9999 -9999 -9999 -9999 -9999 -9999 -9999 -9999 -9999 -9999 -9999 -9999 -9999 106 66 74 131 261 551 593 513 805 809 604 423 193 151 186 317 507 694 858 1224 1334 1322 1288 1133 1103 1064 1020 972 918 906 902 894 892 890 885 880 879 876 875 879 882 886 894 926 915 914 924 929 935 951 958 964 971 979 991 1001 1009 1024 1033 1039 1039 1040 1040 1038 1027 1011 992 979 978 990 1003 1008
-9999 -9999 -9999 -9999 -9999 -9999 -9999 -9999 -9999 -9999 -9999 -9999 -9999 -9999 -9999 -9999 -9999 152 134 100 122 179 287 498 528 605 649 616 476 118 227 173 250 383 523 857 1105 1113 1162 1230 1251 1105 1080 1041 990 932 872 873 890 897 897 903 900 897 895 889 888 890 895 898 916 910 911 913 914 921 929 934 944 949 956 961 974 1003 986 996 1002 1013 1019 1025 1030 1035 1040 1025 1005 988 981 979 977 973
-9999 -9999 -9999 -9999 -9999 -9999 -9999 -9999 -9999 -9999 -9999 -9999 -9999 -9999 -9999 -9999 -9999 206 182 135 165 210 297 361 425 582 540 110 91 81 126 206 341 468 705 989 1039 1033 1078 1152 1179 1053 1048 1018 971 924 877 873 892 903 911 913 913 913 908 903 899 897 917 920 916 916 911 906 909 916 916 920 924 930 936 940 946 973 960 965 971 979 992 1003 1014 1026 1039 1026 1004 987 975 967 959 944
-9999 -9999 -9999 -9999 -9999 -9999 -9999 -9999 -9999 -9999 -9999 -9999 -9999 -9999 -9999 -9999 -9999 159 157 140 156 214 265 320 544 516 435 120 88 70 134 255 386 601 859 893 951 1010 1067 1103 978 1010 1026 1002 961 918 891 884 901 917 930 934 930 925 923 916 908 905 914 916 910 925 903 903 900 907 907 907 907 908 912 913 918 926 927 935 939 948 962 975 991 1001 1007 1000 985 972 964 955 942 925
-9999 -9999 -9999 -9999 -9999 -9999 -9999 -9999 -9999 -9999 -9999 -9999 -9999 -9999 -9999 -9999 -9999 112 118 118 133 165 228 326 340 463 476 95 98 147 210 314 652 890 889 909 952 1005 1048 1069 958 987 1007 993 952 910 894 898 916 935 951 952 944 936 931 923 915 908 906 911 908 916 899 891 896 897 897 895 891 890 889 887 888 905 895 898 904 908 925 943 952 962 969 970 964 956 949 941 929 910
-9999 -9999 -9999 -9999 -9999 -9999 -9999 -9999 -9999 -9999 -9999 -9999 -9999 -9999 -9999 -9999 -9999 64 83 96 96 138 226 375 481 418 314 78 116 195 304 373 846 972 974 963 1004 1028 1037 1044 943 971 984 966 928 890 874 894 933 961 974 967 955 946 936 925 916 909 904 905 904 902 891 888 885 887 881 879 876 870 864 860 871 870 858 862 871 881 896 908 917 925 930 935 935 934 932 927 918 901
-9999 -9999 -9999 -9999 -9999 -9999 -9999 -9999 -9999 -9999 -9999 -9999 -9999 -9999 -9999 -9999 36 52 77 89 86 141 228 307 445 228 115 69 146 341 414 453 830 1057 997 1012 1035 1017 884 903 914 933 945 929 890 858 848 886 943 983 988 972 956 945 934 923 912 905 901 901 896 892 889 891 876 875 873 867 859 851 840 835 829 829 823 822 834 858 878 874 877 884 894 902 909 914 915 916 913 896
-9999 -9999 -9999 -9999 -9999 -9999 -9999 -9999 -9999 -9999 -9999 -9999 -9999 -9999 -9999 19 27 50 93 110 117 159 175 227 225 169 139 93 242 394 433 693 930 1142 980 992 829 970 853 874 891 900 899 891 867 843 848 885 941 979 982 972 954 936 924 914 904 895 889 892 888 888 894 883 870 866 857 850 841 830 818 806 796 789 782 779 780 799 816 813 832 835 852 867 880 891 898 900 897 1029
