layers/bio19_SA.asc
ncols        300
nrows        420
xllcorner    -83.000000000000
yllcorner    -57.000000000000
cellsize     0.166666666667
NODATA_value  -9999
[rows 120 to 159 of 420, columns 180 to 269 of 300]
875 869 894 57 61 66 123 127 134 139 142 777 780 781 777 770 771 753 742 732 721 715 706 692 676 659 664 711 829 788 835 656 644 627 666 290 271 253 237 221 205 196 193 185 177 169 162 161 176 180 182 181 179 182 177 170 170 177 363 351 346 346 169 169 38 32 28 28 29 29 31 33 35 40 43 45 48 58 78 89 84 97 108 104 104 102 49 48 47 58
874 853 48 52 57 111 113 116 119 121 123 125 124 780 782 785 776 764 758 749 743 740 735 723 707 693 703 641 676 692 684 677 670 648 617 628 650 245 229 214 200 190 186 179 170 163 159 162 175 180 178 177 178 179 177 168 165 169 172 168 162 161 162 35 31 25 23 23 24 24 24 26 29 36 45 50 56 70 104 117 121 109 91 86 92 53 61 51 51 64
896 47 48 109 111 109 106 105 108 108 108 110 786 794 802 806 788 779 777 779 781 766 765 758 743 731 647 751 678 696 697 691 678 652 617 579 637 228 217 206 195 188 184 175 169 163 162 168 179 183 179 175 173 172 168 162 160 163 167 165 156 154 156 31 26 22 22 21 21 21 20 21 26 35 48 58 69 43 124 138 128 123 116 99 41 51 66 64 68 69
49 48 50 51 54 103 100 98 96 96 94 101 808 813 795 805 801 796 785 779 778 782 794 789 774 763 759 667 681 695 699 695 679 654 617 573 620 603 208 200 191 182 180 175 168 163 163 169 176 181 174 168 163 160 156 152 151 154 154 150 143 27 28 27 21 18 18 18 17 5 5 4 6 11 19 27 38 49 64 63 61 68 67 43 39 55 61 64 63 67
48 49 49 50 52 96 51 95 93 88 85 87 96 101 821 824 816 805 793 781 779 786 795 800 797 789 785 688 693 703 705 702 686 660 621 573 528 200 198 194 186 180 179 176 170 164 164 166 170 171 165 159 152 147 143 141 144 147 145 139 23 22 22 22 21 17 5 6 6 4 3 3 5 11 19 22 30 37 41 40 36 40 35 27 33 51 73 70 84 118
48 48 49 51 52 93 91 90 88 82 79 81 86 90 815 818 817 805 797 777 783 789 784 797 807 806 804 709 710 712 716 717 699 671 629 585 614 195 189 185 180 178 178 176 173 167 165 164 164 162 158 151 143 139 135 132 138 145 141 24 21 20 18 17 4 3 5 5 6 3 2 2 6 11 18 20 22 24 28 26 26 27 25 22 28 44 61 63 70 88
98 47 48 93 90 89 90 86 81 77 77 80 82 85 88 88 808 817 786 780 749 757 766 786 805 742 748 725 719 721 734 739 722 686 643 605 568 189 180 175 173 173 176 178 181 171 167 162 159 156 150 145 138 137 135 129 134 145 26 24 21 19 16 5 3 3 5 4 4 1 1 2 7 14 22 20 19 19 24 24 24 26 27 26 33 42 51 54 60 64
46 47 90 87 86 84 85 81 77 75 74 78 81 82 82 82 84 796 783 764 715 747 760 779 745 768 779 746 730 730 752 770 748 705 661 680 194 598 567 165 162 166 169 180 183 173 166 160 157 150 141 138 134 135 141 142 139 29 27 24 22 21 8 5 3 5 6 4 3 2 1 3 7 15 22 22 21 21 21 21 25 29 28 33 48 53 47 49 51 52
89 87 85 82 83 82 80 78 74 73 73 73 75 76 78 78 80 771 778 735 697 712 720 779 763 803 804 770 748 732 763 775 753 716 675 634 645 178 164 156 153 156 159 166 172 169 164 160 154 149 139 129 131 135 153 148 138 26 26 25 24 24 9 6 4 6 6 5 4 4 5 6 12 14 19 19 23 25 25 22 22 55 57 33 43 51 39 39 44 38
44 82 81 79 76 77 75 75 72 70 72 73 71 72 73 75 77 80 84 793 739 766 750 804 792 826 841 797 772 757 764 767 749 719 684 700 188 175 162 150 150 152 152 155 169 172 164 158 154 139 132 127 134 141 137 132 131 24 25 24 25 13 11 7 7 8 8 7 6 7 7 10 12 14 15 17 23 25 25 20 18 46 50 31 34 34 34 29 32 49
81 79 77 75 73 73 71 71 70 68 69 71 69 69 69 72 75 79 84 88 865 869 879 793 821 858 861 819 792 773 770 761 743 721 692 200 185 175 164 153 150 150 149 164 174 175 166 153 149 136 125 133 167 157 125 119 22 21 22 23 13 15 12 10 8 10 9 8 9 10 10 10 9 10 12 15 21 23 19 15 18 24 25 26 29 27 26 22 29 72
77 75 73 72 71 70 69 68 68 66 66 68 67 67 68 69 72 77 84 90 93 86 77 69 858 865 865 826 800 48 768 756 741 721 48 198 43 41 164 155 152 23 167 37 193 182 160 154 146 130 131 143 179 138 121 114 19 18 20 21 11 11 8 6 7 9 10 9 9 9 9 9 9 9 13 18 20 19 15 16 23 28 24 21 25 26 26 31 54 91
73 72 71 70 69 66 66 66 66 64 64 65 64 65 65 67 69 75 85 89 90 83 75 65 59 55 51 48 794 777 48 754 49 49 47 46 43 41 38 33 28 26 33 46 47 41 39 147 137 128 128 138 145 122 108 109 16 16 16 18 7 7 5 6 6 8 8 9 8 7 8 9 9 11 16 20 20 15 15 17 24 30 28 20 26 35 48 55 98 154
71 69 68 67 65 64 63 63 63 63 62 62 62 64 64 64 66 77 88 90 87 82 73 64 59 56 51 49 48 48 47 48 48 48 48 47 45 43 42 36 29 31 40 59 49 36 33 25 25 26 128 131 130 111 18 16 15 15 14 15 4 3 3 4 5 5 6 6 5 5 6 7 8 11 14 16 18 18 18 21 26 28 33 29 34 48 70 85 96 139
67 66 64 63 62 61 61 61 61 61 62 62 60 62 64 65 70 81 90 89 86 81 75 68 61 57 53 49 49 48 48 47 47 49 48 46 46 43 40 35 30 31 38 44 37 28 18 19 23 28 31 27 25 21 17 14 15 14 14 2 2 3 4 4 4 4 4 3 4 4 4 4 6 9 8 10 15 20 23 24 27 28 37 41 43 63 86 115 131 136
64 63 62 62 60 59 59 58 58 60 60 59 60 62 63 67 72 79 86 86 84 80 77 70 64 57 53 50 49 48 47 47 47 46 46 45 43 41 36 33 30 30 30 32 30 22 17 19 25 33 35 27 24 20 16 14 14 12 12 2 3 4 6 5 12 10 3 3 3 4 3 3 4 5 5 8 11 18 25 28 33 38 47 51 57 89 123 139 147 147
63 62 60 59 58 57 56 56 57 57 57 57 58 60 63 66 70 76 79 81 80 78 75 70 65 58 53 50 50 49 47 47 46 46 45 43 42 39 35 32 29 27 25 23 20 18 14 15 19 24 27 24 21 19 18 14 10 9 2 2 6 9 6 5 3 3 3 3 4 3 3 3 4 5 5 8 11 17 22 32 41 45 49 56 63 113 156 175 162 162
60 59 59 57 56 56 55 55 56 56 55 56 57 58 61 65 68 71 75 76 78 76 73 69 63 58 52 49 52 50 48 47 45 45 44 42 40 37 34 31 28 25 22 20 17 16 13 13 16 19 20 22 21 17 16 12 7 1 2 5 5 6 5 3 2 2 3 3 3 4 4 6 6 7 10 16 19 34 41 47 51 54 55 58 69 102 154 196 185 188
57 58 57 56 55 53 53 53 53 53 53 53 54 57 59 61 65 68 71 73 73 73 71 67 63 56 52 48 50 50 48 46 44 44 43 41 38 36 33 30 28 24 22 20 18 17 15 15 20 19 18 19 17 14 10 4 1 1 3 4 5 5 2 2 1 1 3 3 3 4 8 8 9 9 14 34 53 78 74 69 71 75 80 80 89 151 171 193 192 187
56 56 56 55 53 52 52 51 50 50 50 50 51 53 56 58 60 64 66 69 70 70 71 69 65 58 50 47 48 51 47 46 45 44 42 40 37 36 32 30 28 25 23 21 20 18 17 17 19 18 18 18 5 4 4 4 4 4 4 4 4 3 2 1 1 2 4 4 5 8 11 14 12 12 25 62 103 114 102 94 97 111 119 114 130 194 226 249 217 180
55 56 55 54 52 51 49 48 48 47 47 47 49 51 53 56 58 61 63 65 66 67 68 70 69 54 49 47 46 51 48 47 45 44 42 41 38 35 32 30 27 25 24 22 22 21 18 18 4 4 4 4 4 3 4 4 4 3 3 4 4 4 2 3 3 4 4 5 7 10 13 14 15 25 54 105 154 132 118 110 115 120 126 142 161 203 245 278 237 180
54 56 55 52 50 49 48 47 46 45 45 44 46 47 49 52 55 57 60 61 62 63 64 65 61 50 47 45 45 49 50 48 46 44 41 40 37 33 32 28 27 26 24 22 21 20 2 3 3 3 3 3 3 3 3 4 5 4 4 4 4 4 4 4 4 4 4 4 9 13 18 12 13 35 82 150 190 137 125 119 113 112 118 135 159 202 235 263 224 213
54 56 54 51 49 47 45 44 43 42 41 41 41 44 46 48 52 54 56 58 59 59 59 59 56 51 46 43 45 50 52 47 46 44 41 39 37 34 32 30 27 26 23 23 21 19 2 2 2 3 4 4 4 2 3 5 4 6 5 3 3 2 3 4 4 4 4 3 7 12 15 10 10 37 98 155 156 136 129 126 109 109 99 117 147 201 220 238 217 251
54 53 52 50 48 45 44 42 40 38 37 37 38 41 43 46 49 51 52 54 55 55 54 53 49 46 42 41 42 45 49 48 46 44 42 39 36 34 31 29 28 25 24 22 19 2 1 2 3 4 4 7 5 2 3 3 4 5 6 2 2 2 3 4 4 4 4 4 4 7 9 6 10 42 124 162 145 124 114 111 101 101 103 120 147 187 222 221 225 255
51 51 50 48 46 44 41 40 38 35 34 33 35 38 40 43 46 49 50 51 51 52 50 47 44 41 38 39 39 41 44 46 47 43 41 39 36 34 31 31 29 25 24 22 19 14 1 2 6 6 4 4 3 2 2 3 3 4 6 5 2 2 4 3 3 10 10 12 5 5 20 9 20 76 123 176 148 116 102 100 103 106 109 124 173 205 236 226 243 245
49 49 48 47 45 42 40 37 35 32 30 29 31 34 38 42 45 46 48 48 48 47 46 43 39 37 36 35 35 37 40 45 47 44 42 38 35 34 33 29 28 26 24 21 20 17 3 7 17 12 7 3 3 2 2 2 3 3 5 4 3 4 4 3 9 9 9 11 12 6 33 36 48 108 119 155 125 105 101 100 102 104 106 114 158 191 201 211 235 252
49 47 46 46 45 42 39 37 33 30 28 26 28 34 39 41 43 44 44 46 45 44 42 37 35 34 33 32 33 34 37 40 43 42 37 36 33 31 32 32 29 26 23 22 21 21 24 8 16 13 7 5 3 2 1 1 3 3 4 4 2 4 4 10 9 13 12 12 12 10 58 88 130 129 134 144 123 118 110 94 92 99 102 119 146 178 161 144 209 254
47 47 45 44 44 42 41 38 35 32 28 26 27 34 40 40 42 42 43 44 43 41 37 33 32 31 31 30 30 32 35 36 38 36 36 35 33 30 30 31 29 26 23 21 20 20 21 23 8 8 6 5 2 2 1 1 3 3 3 1 3 4 12 11 14 15 16 15 7 20 77 113 147 140 149 151 140 135 130 111 89 93 113 140 168 179 172 172 211 262
46 45 46 44 44 43 42 40 36 33 30 28 31 34 38 40 40 40 41 41 42 40 34 30 29 30 31 30 30 29 31 32 34 32 32 32 31 31 31 30 30 26 23 20 19 19 18 21 21 17 5 5 3 2 1 1 3 3 2 1 2 5 5 6 6 7 10 14 21 41 74 113 163 209 187 190 169 140 122 110 95 106 128 160 192 209 222 234 263 304
46 45 44 44 44 44 43 43 40 37 33 32 32 34 36 38 39 37 37 37 39 38 33 31 30 30 32 31 30 28 28 29 29 29 30 30 29 29 30 29 31 26 22 19 18 20 18 14 14 14 15 6 4 3 2 2 3 12 11 12 13 13 12 6 11 9 12 27 51 84 86 101 146 203 213 200 155 137 114 122 114 125 145 175 207 258 307 331 352 381
45 44 43 44 43 44 46 47 43 39 35 34 34 34 36 37 37 37 36 35 35 35 34 32 31 31 32 30 26 25 27 26 26 26 27 28 28 27 27 182 32 28 23 21 20 22 20 17 15 19 20 17 14 5 3 12 13 15 15 16 13 12 10 7 18 12 18 33 67 122 104 84 134 165 172 152 129 122 128 151 143 151 165 186 224 283 354 435 460 495
43 42 43 43 43 44 46 47 44 40 38 35 35 36 37 37 37 37 37 35 35 36 35 33 31 29 28 26 24 22 24 23 23 25 28 28 27 26 25 30 180 28 25 23 23 22 22 19 21 22 19 17 15 14 15 13 13 18 18 16 15 11 10 11 12 15 25 41 60 134 109 90 123 128 130 116 102 108 132 156 156 164 189 214 254 313 373 464 504 553
41 42 40 41 42 43 45 45 43 40 39 37 37 36 37 37 38 38 37 36 36 36 36 35 30 27 26 23 21 20 19 20 21 24 28 28 27 25 25 28 33 30 27 26 26 26 23 20 20 20 17 15 13 13 11 8 11 16 18 19 15 12 10 9 7 14 26 36 66 109 106 83 99 105 107 104 80 83 126 139 144 168 211 272 326 382 422 464 495 538
41 39 39 40 39 40 41 41 41 40 39 38 38 38 38 38 39 39 38 38 37 36 36 34 31 27 25 22 20 18 16 17 21 23 26 29 29 26 27 29 34 34 30 27 27 26 23 21 20 18 16 15 14 11 7 8 9 12 18 18 15 12 11 10 5 11 18 24 57 102 105 83 85 87 89 98 74 64 88 103 124 169 243 328 402 478 493 494 492 508
39 39 38 37 37 38 39 39 39 39 39 39 38 38 39 39 40 40 39 39 37 36 36 34 31 27 26 25 19 21 19 17 20 23 27 29 35 31 29 32 37 34 31 28 25 23 21 20 17 16 14 12 12 9 9 8 8 8 11 14 14 12 10 9 13 11 18 19 45 84 83 79 82 89 82 82 65 49 52 86 124 183 272 365 463 524 543 515 473 483
40 37 36 36 37 37 38 38 39 38 39 39 38 39 39 39 40 39 39 38 38 35 35 34 30 27 28 26 21 23 24 19 19 23 26 33 40 39 34 35 37 35 30 26 24 22 20 18 16 14 12 10 8 8 11 9 6 5 7 13 15 15 9 8 6 13 37 42 62 82 76 70 74 83 79 75 69 65 83 120 153 177 294 424 515 573 570 500 412 -9999
38 36 35 33 34 35 37 38 38 38 38 38 39 39 39 39 40 40 38 38 37 36 36 34 30 27 27 26 22 21 31 20 20 23 28 30 35 37 37 35 38 34 29 25 22 20 18 15 14 12 10 9 6 10 10 7 5 6 8 10 14 16 10 8 5 22 75 80 83 91 105 60 60 58 58 79 114 105 156 210 198 193 354 492 559 579 545 504 -9999 -9999
38 36 33 32 33 35 37 38 39 38 38 39 39 38 37 37 39 39 36 35 35 35 35 32 29 26 28 25 22 24 32 28 21 22 29 27 29 30 28 33 38 33 28 24 20 18 15 14 13 13 10 11 10 12 8 3 4 7 7 9 12 13 13 4 9 33 84 71 70 106 116 57 61 44 52 99 115 132 146 196 252 348 469 570 595 -9999 -9999 -9999 -9999 -9999
40 35 33 31 33 36 37 38 38 39 40 39 40 38 37 35 33 32 32 33 34 36 35 31 28 26 31 25 23 23 32 39 40 28 24 21 29 23 23 27 32 32 26 22 18 15 14 14 13 11 10 10 8 9 7 4 4 6 8 8 11 11 13 5 7 36 90 72 58 147 122 58 49 33 69 118 112 128 166 247 330 427 530 609 636 -9999 -9999 -9999 -9999 -9999
40 37 34 32 33 37 40 39 39 40 40 41 40 38 35 32 29 29 29 31 33 34 34 32 30 29 32 27 25 23 29 38 45 35 24 25 24 18 19 23 31 31 25 19 15 13 11 13 12 11 11 10 9 10 9 5 4 5 7 8 9 10 7 10 9 22 45 37 41 139 102 51 34 25 68 112 116 146 210 312 363 422 520 584 623 -9999 -9999 -9999 -9999 -9999
