layers/bio19_SA.asc
ncols        300
nrows        420
xllcorner    -83.000000000000
yllcorner    -57.000000000000
cellsize     0.166666666667
NODATA_value  -9999
[rows 200 to 239 of 420, columns 90 to 179 of 300]
0 0 0 0 0 0 0 0 0 1 1 1 2 4 6 7 7 13 16 20 19 23 23 26 28 29 44 46 44 42 40 37 33 30 29 32 40 47 51 54 56 57 60 61 63 64 67 69 71 74 76 79 83 88 92 98 103 109 116 125 136 148 156 161 166 170 176 119 121 122 125 190 192 193 187 184 180 179 180 185 185 182 176 170 166 161 157 153 148 144
0 0 0 0 0 0 0 0 0 1 1 1 2 3 4 6 8 11 14 17 21 22 24 26 28 28 29 45 45 42 38 35 30 26 26 31 43 51 55 57 60 61 63 63 65 66 69 70 72 74 77 81 84 89 94 100 106 113 121 131 141 151 160 166 171 176 182 184 187 189 129 195 197 195 191 185 181 180 181 186 187 182 178 173 168 162 158 155 151 147
0 0 0 0 2 0 0 0 0 0 1 1 2 2 3 5 7 9 12 16 19 18 24 26 28 28 29 48 46 41 36 33 28 24 25 32 45 52 57 61 63 65 65 66 67 67 70 71 73 74 77 82 86 91 97 104 111 119 128 136 147 156 164 171 178 183 188 194 194 197 199 200 198 197 193 188 182 179 180 183 184 182 180 175 171 165 161 156 153 148
0 0 0 0 2 1 0 0 0 0 1 1 1 2 3 3 5 7 11 12 15 17 25 27 29 30 30 51 49 43 37 32 27 24 23 30 41 52 60 64 67 68 69 68 69 69 71 72 74 75 78 83 87 93 101 107 116 124 134 143 153 162 171 178 184 189 195 200 202 202 136 203 203 200 196 190 186 182 182 185 183 183 180 176 171 168 163 158 153 151
0 0 0 0 0 0 0 0 0 0 0 0 1 1 2 3 4 6 8 11 13 16 21 28 30 30 30 54 51 44 38 32 28 24 23 28 39 51 63 70 71 71 71 70 70 70 72 72 74 76 79 83 89 95 102 112 119 130 141 151 160 169 178 185 193 198 202 207 208 142 209 209 206 203 200 196 191 188 186 186 186 183 181 177 174 169 166 162 157 152
0 0 0 0 0 0 0 0 0 0 0 0 1 1 2 2 3 4 7 8 10 13 18 29 32 33 32 58 53 47 39 34 29 26 26 31 40 54 67 76 75 74 72 72 71 71 72 73 75 76 79 84 90 96 105 115 125 136 147 158 169 177 186 192 199 205 211 215 215 215 145 214 211 208 206 202 198 195 192 191 189 187 183 179 175 171 168 164 160 155
0 0 0 0 0 0 0 0 0 0 0 0 0 1 2 2 2 4 5 7 9 12 16 29 32 39 37 62 55 48 41 36 32 29 30 34 43 54 67 75 75 74 73 71 72 72 73 73 74 76 80 83 90 98 107 118 129 142 155 167 176 186 194 201 208 214 218 222 223 152 149 148 217 214 212 208 205 202 198 194 192 190 186 182 179 173 170 168 163 158
0 0 0 0 0 0 0 0 0 0 0 0 0 0 0 2 2 4 5 6 8 10 18 24 31 43 40 65 57 50 42 36 34 32 33 36 43 52 62 68 71 71 72 71 72 73 73 73 73 75 78 82 89 98 108 121 134 149 164 176 187 194 202 208 215 221 225 228 160 229 156 153 151 220 219 215 212 208 206 201 195 192 187 185 180 177 173 170 166 163
0 0 0 0 0 0 0 0 0 0 0 0 0 1 1 2 2 4 4 6 8 17 22 28 34 43 42 34 28 49 43 39 34 32 33 37 21 24 29 61 66 68 70 70 72 73 73 73 73 74 77 82 89 97 110 123 138 155 170 187 196 203 208 214 221 164 233 168 168 164 160 157 155 227 226 223 220 215 210 207 201 195 190 187 183 180 178 174 171 169
0 0 0 0 0 0 0 0 0 0 0 0 1 1 1 2 3 4 4 6 9 22 26 29 38 42 39 33 29 25 20 38 16 15 16 17 19 23 27 31 61 64 67 68 70 73 74 74 74 73 77 79 87 98 111 125 141 159 177 197 206 207 155 157 162 168 172 177 177 170 162 161 232 232 162 161 226 224 219 211 204 198 194 189 186 183 181 179 176 175
0 0 0 0 0 0 0 0 0 0 0 1 1 2 2 2 3 4 4 7 11 24 30 32 36 37 35 31 28 24 22 18 16 15 15 16 18 21 24 28 58 62 64 67 70 74 76 76 74 74 77 79 87 99 112 127 143 160 177 197 203 203 154 158 164 171 178 184 189 176 165 237 236 236 167 169 169 234 227 218 208 202 196 194 191 188 186 185 182 181
0 0 0 0 0 0 0 0 0 0 0 1 2 2 2 2 4 4 5 8 20 26 27 32 32 32 30 29 27 23 21 18 15 14 14 15 16 19 22 26 29 58 62 66 71 74 79 82 79 78 80 83 90 102 114 128 143 159 172 182 137 144 151 156 162 170 176 185 189 181 170 239 236 238 173 178 177 177 234 224 211 203 199 199 197 195 191 191 188 187
0 0 0 0 0 0 0 0 0 0 1 2 2 2 2 2 4 4 5 12 28 29 32 30 27 25 25 27 25 24 20 18 15 13 12 13 14 18 22 25 27 31 60 65 69 74 79 83 79 80 83 88 95 105 117 130 145 159 121 126 130 138 147 155 161 168 174 180 182 178 244 239 235 237 179 187 187 184 234 223 210 205 206 205 203 202 200 197 195 194
0 0 0 0 0 0 0 0 1 1 2 2 2 2 2 2 4 4 7 17 25 32 33 26 22 18 23 27 26 23 20 17 15 12 11 12 15 18 21 25 28 30 59 64 67 72 77 80 80 83 87 92 100 108 121 133 148 113 121 126 130 138 146 155 160 166 170 175 178 176 244 241 238 235 253 195 195 193 190 229 187 214 213 214 212 212 208 206 204 202
0 0 0 0 0 0 1 1 1 1 2 2 2 2 2 4 4 5 10 21 28 33 32 23 18 17 21 26 25 23 20 17 15 13 13 13 15 18 21 25 27 29 32 63 67 71 76 79 82 86 90 96 103 112 123 98 108 115 122 128 133 140 145 152 157 161 165 170 174 177 243 242 242 245 253 258 257 251 197 195 195 226 226 226 225 223 220 217 215 216
0 0 0 0 0 0 1 1 2 2 2 2 2 2 2 3 4 5 8 22 26 29 26 20 17 17 20 22 22 22 20 18 16 15 14 15 17 19 22 25 27 29 57 61 65 70 75 79 84 88 94 100 106 114 93 102 110 119 124 131 135 141 146 152 155 158 162 168 173 244 245 245 247 250 256 260 259 255 252 247 242 241 241 241 240 238 235 233 229 229
0 0 0 0 0 0 1 1 1 2 2 2 2 2 2 3 4 5 7 19 25 23 20 17 16 16 18 20 20 20 20 18 18 17 17 19 20 22 24 26 28 30 56 60 64 69 75 80 85 92 98 103 109 88 96 104 113 123 128 133 137 142 148 153 157 158 163 169 243 246 247 249 252 254 261 264 266 265 263 261 257 256 256 258 258 255 253 250 245 245
0 0 2 1 0 1 1 1 2 2 2 2 2 2 3 3 4 5 7 19 22 20 16 13 13 15 16 18 19 20 19 19 19 19 20 21 23 25 26 28 28 52 56 59 64 69 75 81 89 96 103 108 112 92 97 104 115 127 132 134 138 143 150 158 239 243 244 244 245 248 249 252 256 261 268 270 273 272 274 273 275 275 276 277 277 276 275 273 267 266
0 0 0 1 1 1 1 1 2 2 2 2 2 2 4 4 4 5 9 18 20 18 16 13 13 13 16 16 18 19 19 19 20 31 32 35 38 42 29 48 51 53 57 60 64 69 75 84 92 100 109 116 118 95 96 102 115 128 130 132 137 144 152 161 245 253 248 245 246 249 254 258 261 268 275 277 281 282 283 287 289 291 294 296 296 302 305 300 294 291
0 2 2 1 1 1 1 2 2 2 2 2 2 2 4 4 5 12 14 17 20 17 14 13 13 13 15 15 17 18 19 32 33 34 37 40 42 45 48 50 53 56 59 61 64 69 78 86 95 105 114 124 126 98 98 103 111 120 123 128 135 142 150 160 240 244 246 246 248 253 259 264 266 273 282 284 289 292 295 298 303 307 311 313 317 326 332 328 314 312
0 2 3 2 1 1 2 2 2 2 2 2 2 4 4 5 8 20 20 20 18 16 14 13 13 13 13 15 16 30 31 32 34 37 40 44 47 49 51 53 56 57 61 63 68 73 82 90 99 108 118 126 130 100 102 106 111 115 118 124 132 140 148 155 162 170 237 243 248 254 261 267 272 277 285 294 297 301 306 309 315 320 325 328 334 342 347 343 325 328
1 2 2 2 1 1 2 2 2 2 2 2 3 4 4 9 16 23 20 17 17 16 14 13 13 13 13 15 28 30 31 33 36 38 41 46 50 52 53 55 57 61 63 67 72 78 85 93 102 112 122 129 135 103 105 108 112 115 118 123 131 138 145 153 159 167 175 182 190 256 264 272 278 283 290 303 309 312 316 321 327 333 336 336 343 342 339 340 334 334
3 2 2 3 3 1 2 2 3 2 2 3 3 5 4 15 21 22 18 16 15 16 15 12 12 12 13 15 28 30 32 34 37 39 43 46 50 53 55 56 60 62 66 71 76 82 88 97 105 114 124 133 141 104 108 111 113 117 119 123 130 138 145 152 156 165 174 182 192 202 214 278 286 292 298 305 315 323 328 332 337 341 345 344 343 341 342 347 346 345
2 3 2 3 3 2 2 4 4 4 2 3 3 4 5 16 26 19 14 13 15 16 14 11 11 12 13 27 28 30 32 35 37 40 43 46 49 52 56 57 61 65 69 74 79 85 92 100 108 117 127 137 147 105 110 115 116 118 120 123 129 136 146 156 163 168 176 184 194 204 217 287 300 306 309 314 319 325 335 338 343 348 351 352 349 348 354 362 361 357
2 2 2 2 3 2 3 4 4 4 4 4 3 4 5 12 20 14 12 11 13 14 11 10 11 12 13 27 28 30 32 34 37 39 43 46 49 53 55 59 62 66 71 76 82 89 95 103 111 120 130 141 152 108 114 119 122 121 121 121 126 136 149 163 172 176 179 186 196 207 220 233 249 319 322 323 326 334 342 346 351 353 357 362 356 351 360 371 368 358
2 2 2 2 3 3 3 2 2 4 4 4 3 4 5 12 15 10 11 11 13 11 10 10 10 11 12 27 29 30 33 34 37 39 42 46 48 52 54 59 63 67 72 79 86 92 98 105 112 122 132 142 100 108 117 124 126 124 121 119 123 134 150 165 175 178 181 186 194 207 221 238 252 265 273 275 333 340 343 347 351 353 358 367 352 338 348 364 367 360
2 2 2 2 3 3 3 4 4 6 3 3 3 5 8 11 12 10 11 13 11 10 9 9 10 12 12 27 29 30 33 34 37 40 42 46 48 51 54 58 64 69 74 80 87 92 99 106 113 123 133 144 100 108 117 127 130 127 122 118 120 134 153 166 173 178 182 186 194 206 224 243 258 268 272 271 273 285 294 303 311 351 356 358 346 331 353 367 371 366
3 2 2 3 3 3 4 4 4 7 3 3 4 5 8 9 9 11 11 12 11 10 9 10 11 11 13 27 29 31 33 34 37 40 42 45 47 51 55 58 63 68 74 80 86 92 98 106 114 123 132 143 100 106 113 121 132 131 124 125 142 150 160 169 173 178 182 189 197 206 225 256 272 275 272 265 266 273 288 299 309 349 352 359 358 361 380 397 393 386
5 3 3 3 4 4 4 4 7 4 3 3 4 4 7 8 9 10 12 11 11 11 11 10 11 12 12 15 29 31 33 35 37 40 42 45 47 51 54 59 62 68 73 79 86 91 98 105 114 122 132 142 151 105 112 119 130 128 124 137 155 164 171 173 174 177 183 192 202 214 230 263 281 285 280 265 260 263 281 299 311 345 352 369 386 397 414 411 418 412
5 5 5 4 4 4 4 4 5 3 3 3 3 3 4 7 7 8 12 13 12 12 12 11 12 12 13 15 30 31 33 35 37 40 42 44 48 51 54 59 63 68 73 78 84 89 97 105 112 122 132 93 99 105 111 120 125 128 131 141 158 170 178 176 174 176 187 198 211 226 244 266 288 297 294 279 263 259 280 306 316 343 343 370 390 400 420 415 413 383
5 5 5 4 5 4 4 5 5 2 2 3 3 3 5 6 5 8 14 14 12 12 12 12 12 12 14 15 16 31 32 35 37 39 41 45 47 51 54 58 62 67 72 77 82 88 95 102 112 121 131 93 99 106 113 120 126 132 138 149 162 174 179 178 181 181 194 209 223 237 254 275 291 307 315 295 276 283 304 320 366 342 328 340 364 384 404 411 389 353
10 5 4 6 6 6 5 5 4 2 2 2 3 3 4 4 5 8 14 14 14 13 12 12 12 12 15 15 16 32 32 35 37 39 42 44 47 51 55 59 63 68 73 77 81 86 94 102 111 121 132 94 100 107 113 120 128 136 144 154 166 176 185 194 207 211 212 226 237 249 258 271 285 296 303 295 288 296 311 327 379 347 312 330 352 374 396 401 384 357
7 5 6 6 6 7 6 6 5 3 2 2 2 3 3 3 5 9 12 12 12 13 12 12 12 13 15 15 17 32 32 35 36 39 42 44 47 50 54 58 64 68 73 77 80 83 92 100 111 121 89 96 101 108 115 122 130 139 149 160 171 182 196 212 236 251 247 254 252 256 262 265 272 276 289 294 298 300 302 315 394 392 363 363 367 394 413 414 394 382
5 5 6 4 6 9 9 8 8 4 3 3 2 2 3 4 7 9 9 12 12 12 13 13 13 13 15 16 17 19 34 35 36 39 41 44 46 50 54 59 63 68 74 78 80 82 92 101 112 84 90 97 103 110 117 124 133 143 154 165 176 188 202 222 243 259 277 275 251 244 255 263 266 273 286 297 302 304 302 307 320 388 379 386 400 405 429 438 421 408
6 7 6 4 6 9 9 8 8 5 8 5 3 4 6 7 7 8 11 13 13 12 12 12 13 13 16 16 17 20 34 36 37 40 42 45 47 50 54 59 63 70 75 80 82 86 93 73 79 86 92 99 106 112 119 126 135 147 158 169 178 190 205 223 243 253 263 262 239 233 242 250 261 276 292 299 303 308 307 301 307 330 397 409 421 448 445 443 445 421
7 7 5 4 6 8 8 8 8 8 8 5 5 4 7 8 7 12 14 13 13 12 13 13 14 14 16 16 18 20 22 36 38 40 42 45 47 51 55 59 65 71 76 81 85 90 98 75 81 87 94 100 108 115 122 129 137 149 162 172 180 189 201 219 242 252 254 247 231 226 238 252 267 278 288 301 311 312 305 295 297 319 348 422 439 457 461 461 460 447
10 7 5 4 6 10 7 6 7 8 6 6 7 7 11 15 12 17 17 15 14 14 13 13 14 15 16 17 18 21 23 25 38 41 43 46 49 52 55 61 66 72 78 83 89 66 71 78 84 90 97 104 110 118 126 134 143 154 165 175 181 187 197 212 232 245 250 245 234 227 239 264 277 291 309 312 308 306 300 292 291 316 356 431 450 452 460 458 472 476
12 8 6 6 6 11 5 5 8 7 5 4 6 10 13 23 23 22 19 18 15 13 13 13 14 15 17 17 19 22 23 26 39 41 44 47 49 53 58 62 68 73 80 60 64 69 74 80 85 93 100 107 113 122 129 138 148 159 168 176 183 185 190 200 214 237 250 252 249 244 259 281 297 310 321 316 310 303 300 299 312 329 367 441 452 445 456 449 456 469
11 10 8 8 7 7 6 7 8 5 5 6 7 10 19 39 33 28 22 17 15 15 14 14 15 16 17 18 19 22 24 26 28 42 44 48 50 54 59 46 50 53 57 62 67 72 76 82 89 95 102 110 116 125 133 142 152 164 174 178 176 177 180 187 198 223 255 269 274 280 295 310 325 336 331 325 312 308 306 313 331 363 438 438 444 447 454 444 457 466
10 8 11 11 9 8 7 7 6 5 7 7 12 12 31 52 47 36 25 17 14 14 14 15 15 16 17 18 21 22 24 27 28 31 33 37 39 57 44 47 51 54 59 64 69 74 79 85 92 98 105 113 121 128 135 144 155 167 177 181 167 170 172 175 184 213 258 287 300 313 330 339 349 351 344 330 317 316 325 335 352 436 436 436 441 440 453 443 456 459
