layers/bio1_SA.asc
ncols        300
nrows        420
xllcorner    -83.000000000000
yllcorner    -57.000000000000
cellsize     0.166666666667
NODATA_value  -9999
[rows 195 to 233 of 420, columns 172 to 257 of 300]
236 240 235 234 238 239 238 239 240 243 244 244 243 241 236 230 236 238 237 238 239 237 236 235 236 237 237 238 238 238 236 234 230 229 226 224 223 221 214 207 203 201 198 201 203 203 207 205 201 201 211 221 222 223 223 222 220 215 217 216 211 214 216 211 191 210 202 200 203 218 234 234 219 212 217 226 236 240 242 239 239 242 242 244 243 244
232 235 235 236 239 241 240 241 240 242 242 243 243 241 236 235 235 236 236 236 234 233 234 236 235 238 238 238 238 237 235 235 233 233 231 229 229 225 221 216 208 200 197 194 193 196 200 196 199 205 212 218 220 220 217 217 218 213 213 216 212 212 214 207 199 210 204 208 206 215 234 231 219 203 211 226 232 237 235 239 228 234 229 235 244 245
232 235 238 234 238 241 243 241 241 240 240 241 244 242 239 235 236 235 233 234 234 234 233 232 235 237 238 239 240 240 240 238 236 237 236 235 231 229 228 225 219 210 195 195 190 188 193 197 196 210 215 216 218 217 210 213 216 214 207 212 213 208 205 199 190 204 202 205 205 224 233 222 210 194 206 223 224 229 215 233 227 214 208 237 246 245
233 235 238 238 238 241 243 243 242 239 241 241 243 243 239 238 239 237 235 233 231 229 229 228 230 233 235 236 234 237 239 238 239 238 238 235 234 232 231 223 222 217 202 189 190 189 194 202 205 209 212 215 217 210 207 209 214 212 207 207 210 203 190 190 182 193 203 206 206 227 228 220 205 189 208 214 210 210 207 216 191 201 216 244 246 246
233 236 237 240 237 238 240 243 241 239 239 242 243 244 241 239 239 238 236 233 229 226 225 225 226 230 231 232 234 235 237 237 238 235 235 234 232 231 227 219 207 202 212 206 206 193 185 194 206 208 212 213 213 205 202 208 212 210 202 200 206 206 184 195 178 198 206 213 217 219 218 206 200 194 201 201 200 186 190 194 190 203 214 244 246 -9999
235 236 238 241 239 238 240 242 243 240 240 240 241 243 243 240 240 238 234 230 227 227 227 229 229 228 228 230 231 231 234 233 235 232 232 232 229 227 227 220 206 201 203 194 212 207 191 195 205 207 206 208 207 202 199 206 209 205 206 200 200 200 189 186 176 192 208 210 215 215 207 194 190 183 188 160 198 200 207 185 186 203 229 246 247 -9999
234 234 237 240 240 237 237 238 240 242 240 241 239 241 243 241 241 236 231 229 227 227 226 226 226 228 229 227 228 230 230 231 231 230 227 230 229 222 219 220 209 200 201 196 208 208 210 198 194 202 197 206 207 205 199 200 202 199 203 199 192 198 198 193 183 196 203 206 206 206 199 176 190 186 186 182 207 209 228 203 198 221 232 245 -9999 -9999
232 234 235 237 239 240 237 237 238 239 241 241 239 239 241 241 240 233 230 228 227 226 226 225 226 226 226 227 225 227 227 229 229 227 225 227 228 225 218 211 212 211 206 197 206 206 205 207 205 204 205 205 206 204 198 197 198 195 193 191 193 199 195 194 205 201 204 204 203 200 193 183 193 199 197 196 209 227 239 231 215 238 243 -9999 -9999 -9999
234 235 237 236 238 240 239 236 235 236 238 239 239 238 237 240 238 229 225 224 226 227 227 226 227 227 226 226 226 226 225 227 228 226 223 223 226 225 221 212 203 203 208 199 199 193 194 196 199 202 197 195 204 204 203 202 195 193 193 193 195 195 192 196 204 204 203 202 205 211 191 201 199 213 205 202 199 213 226 240 241 242 243 -9999 -9999 -9999
234 235 236 237 236 236 238 237 235 234 235 236 236 237 236 237 233 228 223 222 223 223 226 226 226 226 226 226 226 226 227 225 225 224 223 219 223 223 219 216 213 208 205 196 191 188 190 188 194 203 205 204 204 204 206 202 199 197 197 198 199 196 193 187 195 202 202 206 223 219 204 221 220 219 226 218 223 225 228 237 237 239 -9999 -9999 -9999 -9999
235 235 236 236 236 236 236 238 235 233 235 233 233 233 235 230 230 228 225 223 221 220 221 222 223 225 225 225 225 224 224 224 222 221 218 217 219 219 212 211 214 213 200 198 200 196 192 197 201 203 206 202 201 202 202 201 200 198 196 195 194 195 193 188 192 209 215 221 225 217 224 220 220 224 232 232 228 233 235 233 233 -9999 -9999 -9999 -9999 -9999
234 236 235 236 236 235 234 236 234 232 232 233 231 232 232 227 224 224 225 224 223 220 218 218 219 220 221 222 223 222 221 221 222 222 219 216 215 217 214 211 212 213 212 212 204 199 189 192 200 204 204 205 203 198 197 197 195 191 192 194 193 189 188 186 193 203 217 220 212 230 230 228 225 222 222 232 231 232 232 231 230 -9999 -9999 -9999 -9999 -9999
237 235 236 236 236 235 235 235 233 232 231 231 232 233 230 228 224 222 221 221 221 221 219 217 215 215 217 218 218 219 221 220 220 219 217 214 210 213 215 212 210 205 207 211 202 194 195 196 197 199 202 203 203 199 196 194 189 187 185 191 189 188 185 195 199 202 211 217 215 220 219 225 226 226 223 229 229 234 233 231 -9999 -9999 -9999 -9999 -9999 -9999
237 238 237 236 234 233 231 230 231 232 231 231 233 230 226 224 225 224 224 221 219 217 218 217 217 215 215 214 216 215 218 220 219 217 215 211 207 206 209 211 210 205 204 206 200 184 182 190 187 190 201 202 199 199 198 195 186 185 186 188 183 181 183 198 200 200 201 206 204 214 223 225 225 227 218 204 228 235 234 232 -9999 -9999 -9999 -9999 -9999 -9999
237 237 237 237 234 232 230 228 227 227 227 230 231 227 224 221 221 221 222 223 221 216 214 213 213 213 212 212 212 212 214 215 217 216 216 213 211 203 199 201 204 208 207 206 204 191 176 182 185 179 192 200 197 190 194 193 188 178 178 180 178 178 186 191 198 208 207 209 209 220 217 210 219 215 195 225 232 234 233 231 230 -9999 -9999 -9999 -9999 -9999
237 233 233 235 234 229 230 228 227 228 229 231 227 224 223 223 221 219 220 219 217 216 215 213 210 210 211 209 209 209 213 211 213 213 211 210 206 203 197 194 197 203 206 204 202 197 189 181 179 181 194 200 196 181 189 191 181 159 161 169 172 190 195 204 208 209 215 216 200 196 194 199 205 194 217 229 231 232 231 231 230 -9999 -9999 -9999 -9999 -9999
234 231 232 232 234 230 229 229 229 230 229 226 223 223 221 222 220 218 218 216 214 212 211 212 212 211 206 203 203 209 210 209 210 211 208 201 205 200 196 197 201 200 203 203 202 194 189 190 189 192 197 194 190 181 167 186 183 149 154 174 194 197 197 202 207 212 204 194 186 173 175 184 181 203 227 229 230 231 231 -9999 -9999 -9999 -9999 -9999 -9999 -9999
230 230 230 229 231 231 230 231 230 226 223 221 221 223 223 221 220 220 219 216 217 214 211 209 206 208 207 205 206 207 207 207 207 209 207 200 197 193 191 200 203 200 201 199 200 198 189 184 169 175 191 190 192 183 159 158 161 153 174 212 208 205 203 206 203 196 178 173 189 197 182 192 208 224 229 229 -9999 -9999 -9999 -9999 -9999 -9999 -9999 -9999 -9999 -9999
229 229 229 229 231 230 230 229 226 225 225 224 223 224 223 223 222 222 221 218 218 216 212 207 208 208 208 209 208 207 206 204 204 205 207 210 208 206 206 208 204 203 201 199 196 188 187 172 155 177 174 176 163 158 163 191 198 197 204 206 206 205 208 215 216 209 215 212 231 229 218 230 231 230 230 -9999 -9999 -9999 -9999 -9999 -9999 -9999 -9999 -9999 -9999 -9999
227 227 227 229 230 229 227 222 220 219 218 218 219 219 217 219 219 220 222 222 221 218 214 211 212 211 210 210 208 207 204 203 202 200 197 206 208 208 208 208 205 204 201 198 192 184 178 168 169 160 141 169 147 170 198 198 183 157 154 171 182 198 207 232 233 230 231 231 232 228 225 230 230 230 229 -9999 -9999 -9999 -9999 -9999 -9999 -9999 -9999 -9999 -9999 -9999
226 225 226 227 227 223 219 217 216 214 212 212 213 214 213 211 211 214 217 218 220 219 218 217 216 216 215 212 207 203 202 203 203 198 193 194 204 208 209 206 202 200 198 194 186 182 181 178 170 154 170 176 195 199 189 177 171 158 182 197 203 203 210 234 232 228 224 231 230 226 228 230 230 230 228 -9999 -9999 -9999 -9999 -9999 -9999 -9999 -9999 -9999 -9999 -9999
226 224 224 225 224 220 219 218 216 215 213 207 205 206 204 205 205 209 214 216 218 215 213 216 215 211 212 209 204 203 201 201 202 197 192 191 202 204 203 204 202 199 196 190 185 182 181 179 175 184 190 195 193 185 173 175 164 182 221 231 222 225 231 234 232 233 228 -9999 -9999 -9999 -9999 -9999 -9999 229 -9999 -9999 -9999 -9999 -9999 -9999 -9999 -9999 -9999 -9999 -9999 -9999
221 221 222 223 221 220 220 219 219 218 214 208 198 194 201 194 197 202 209 213 213 211 207 210 209 206 204 203 199 197 204 206 207 205 203 199 197 197 197 199 198 197 192 182 179 180 174 174 182 188 191 185 176 177 170 157 179 209 224 232 226 233 -9999 -9999 -9999 -9999 -9999 -9999 -9999 -9999 -9999 -9999 -9999 -9999 -9999 -9999 -9999 -9999 -9999 -9999 -9999 -9999 -9999 -9999 -9999 -9999
220 220 221 218 214 214 215 214 213 213 213 212 201 190 185 191 195 195 206 211 208 200 201 203 205 207 202 205 208 201 201 202 204 204 202 198 194 191 193 195 193 192 184 184 182 182 180 180 181 184 181 179 178 176 176 206 223 220 227 -9999 -9999 -9999 -9999 -9999 -9999 -9999 -9999 -9999 -9999 -9999 -9999 -9999 -9999 -9999 -9999 -9999 -9999 -9999 -9999 -9999 -9999 -9999 -9999 -9999 -9999 -9999
217 218 219 212 211 209 212 210 210 210 209 212 209 202 196 190 189 192 201 202 201 191 188 203 202 205 199 202 206 205 200 201 198 199 200 197 192 189 189 191 189 182 174 172 178 184 183 176 174 173 170 161 177 197 215 227 -9999 -9999 -9999 -9999 -9999 -9999 -9999 -9999 -9999 -9999 -9999 -9999 -9999 -9999 -9999 -9999 -9999 -9999 -9999 -9999 -9999 -9999 -9999 -9999 -9999 -9999 -9999 -9999 -9999 -9999
216 218 214 210 209 210 209 207 207 208 206 203 208 208 203 196 196 196 188 188 191 178 180 199 198 200 200 199 205 204 200 199 195 195 197 195 190 187 185 185 178 168 167 169 171 178 175 173 168 193 204 200 203 217 198 223 -9999 -9999 -9999 -9999 -9999 -9999 -9999 -9999 -9999 -9999 -9999 -9999 -9999 -9999 -9999 -9999 -9999 -9999 -9999 -9999 -9999 -9999 -9999 -9999 -9999 -9999 -9999 -9999 -9999 -9999
218 218 212 211 211 210 210 210 209 206 204 203 207 207 209 205 200 191 178 178 189 188 188 193 191 192 195 195 202 200 199 194 193 192 193 190 189 186 181 175 169 170 176 177 174 173 178 213 213 220 -9999 -9999 230 193 209 -9999 -9999 -9999 -9999 -9999 -9999 -9999 -9999 -9999 -9999 -9999 -9999 -9999 -9999 -9999 -9999 -9999 -9999 -9999 -9999 -9999 -9999 -9999 -9999 -9999 -9999 -9999 -9999 -9999 -9999 -9999
217 214 213 211 211 210 210 208 207 207 202 200 200 203 207 201 200 195 192 183 182 189 186 183 185 188 190 187 192 194 191 186 185 183 184 183 183 179 180 196 195 191 196 190 201 218 211 221 217 -9999 -9999 222 -9999 -9999 -9999 -9999 -9999 -9999 -9999 -9999 -9999 -9999 -9999 -9999 -9999 -9999 -9999 -9999 -9999 -9999 -9999 -9999 -9999 -9999 -9999 -9999 -9999 -9999 -9999 -9999 -9999 -9999 -9999 -9999 -9999 -9999
213 209 210 210 210 209 210 206 204 201 197 195 198 205 202 196 197 193 191 190 184 184 182 179 176 178 177 174 172 174 174 174 177 177 178 176 180 204 217 217 217 211 211 212 226 229 -9999 -9999 -9999 -9999 -9999 -9999 -9999 -9999 -9999 -9999 -9999 -9999 -9999 -9999 -9999 -9999 -9999 -9999 -9999 -9999 -9999 -9999 -9999 -9999 -9999 -9999 -9999 -9999 -9999 -9999 -9999 -9999 -9999 -9999 -9999 -9999 -9999 -9999 -9999 -9999
211 207 205 205 205 203 205 207 203 201 196 189 195 199 195 188 189 193 184 189 185 183 184 183 177 169 165 169 170 172 177 182 174 174 191 193 207 221 222 219 216 210 202 208 225 -9999 -9999 -9999 -9999 -9999 -9999 -9999 -9999 -9999 -9999 -9999 -9999 -9999 -9999 -9999 -9999 -9999 -9999 -9999 -9999 -9999 -9999 -9999 -9999 -9999 -9999 -9999 -9999 -9999 -9999 -9999 -9999 -9999 -9999 -9999 -9999 -9999 -9999 -9999 -9999 -9999
209 204 201 199 198 196 199 203 202 198 195 191 186 190 186 180 184 190 183 181 179 181 178 183 169 167 167 169 170 179 191 198 197 196 212 212 222 222 221 219 217 218 213 -9999 -9999 -9999 -9999 -9999 -9999 -9999 -9999 -9999 -9999 -9999 -9999 -9999 -9999 -9999 -9999 -9999 -9999 -9999 -9999 -9999 -9999 -9999 -9999 -9999 -9999 -9999 -9999 -9999 -9999 -9999 -9999 -9999 -9999 -9999 -9999 -9999 -9999 -9999 -9999 -9999 -9999 -9999
207 203 198 195 190 190 190 194 199 198 196 194 189 181 173 175 181 185 187 185 177 179 180 181 170 168 170 170 178 193 204 195 206 201 203 197 205 218 218 218 216 215 -9999 -9999 -9999 -9999 -9999 -9999 -9999 -9999 -9999 -9999 -9999 -9999 -9999 -9999 -9999 -9999 -9999 -9999 -9999 -9999 -9999 -9999 -9999 -9999 -9999 -9999 -9999 -9999 -9999 -9999 -9999 -9999 -9999 -9999 -9999 -9999 -9999 -9999 -9999 -9999 -9999 -9999 -9999 -9999
205 200 195 191 186 182 182 184 189 191 191 185 182 178 173 171 174 178 186 189 183 177 178 181 180 170 171 176 192 201 192 180 181 180 198 187 185 213 221 220 -9999 -9999 -9999 -9999 -9999 -9999 -9999 -9999 -9999 -9999 -9999 -9999 -9999 -9999 -9999 -9999 -9999 -9999 -9999 -9999 -9999 -9999 -9999 -9999 -9999 -9999 -9999 -9999 -9999 -9999 -9999 -9999 -9999 -9999 -9999 -9999 -9999 -9999 -9999 -9999 -9999 -9999 -9999 -9999 -9999 -9999
203 197 190 187 183 183 177 175 176 177 185 186 181 174 172 169 167 169 174 182 183 178 179 182 181 176 175 184 189 185 182 169 172 185 188 196 204 223 220 -9999 -9999 -9999 -9999 -9999 -9999 -9999 -9999 -9999 -9999 -9999 -9999 -9999 -9999 -9999 -9999 -9999 -9999 -9999 -9999 -9999 -9999 -9999 -9999 -9999 -9999 -9999 -9999 -9999 -9999 -9999 -9999 -9999 -9999 -9999 -9999 -9999 -9999 -9999 -9999 -9999 -9999 -9999 -9999 -9999 -9999 -9999
203 195 192 191 188 187 180 182 181 176 177 175 174 175 174 169 169 165 165 179 179 176 178 179 180 179 171 175 181 173 168 172 173 202 211 216 215 223 223 -9999 -9999 -9999 -9999 -9999 -9999 -9999 -9999 -9999 -9999 -9999 -9999 -9999 -9999 -9999 -9999 -9999 -9999 -9999 -9999 -9999 -9999 -9999 -9999 -9999 -9999 -9999 -9999 -9999 -9999 -9999 -9999 -9999 -9999 -9999 -9999 -9999 -9999 -9999 -9999 -9999 -9999 -9999 -9999 -9999 -9999 -9999
202 200 197 196 193 190 187 187 183 182 179 176 179 180 173 171 172 168 162 172 177 173 175 174 176 175 172 166 170 169 171 170 185 213 208 212 216 220 -9999 -9999 -9999 -9999 -9999 -9999 -9999 -9999 -9999 -9999 -9999 -9999 -9999 -9999 -9999 -9999 -9999 -9999 -9999 -9999 -9999 -9999 -9999 -9999 -9999 -9999 -9999 -9999 -9999 -9999 -9999 -9999 -9999 -9999 -9999 -9999 -9999 -9999 -9999 -9999 -9999 -9999 -9999 -9999 -9999 -9999 -9999 -9999
205 202 199 197 194 191 189 187 186 185 183 180 182 174 172 170 167 160 157 161 169 173 171 171 171 172 172 168 169 169 169 167 177 197 205 207 211 -9999 -9999 -9999 -9999 -9999 -9999 -9999 -9999 -9999 -9999 -9999 -9999 -9999 -9999 -9999 -9999 -9999 -9999 -9999 -9999 -9999 -9999 -9999 -9999 -9999 -9999 -9999 -9999 -9999 -9999 -9999 -9999 -9999 -9999 -9999 -9999 -9999 -9999 -9999 -9999 -9999 -9999 -9999 -9999 -9999 -9999 -9999 -9999 -9999
201 197 196 191 190 187 185 182 185 181 179 181 180 175 168 163 159 158 164 159 163 169 171 170 171 171 168 167 167 165 164 163 181 203 203 207 -9999 -9999 -9999 -9999 -9999 -9999 -9999 -9999 -9999 -9999 -9999 -9999 -9999 -9999 -9999 -9999 -9999 -9999 -9999 -9999 -9999 -9999 -9999 -9999 -9999 -9999 -9999 -9999 -9999 -9999 -9999 -9999 -9999 -9999 -9999 -9999 -9999 -9999 -9999 -9999 -9999 -9999 -9999 -9999 -9999 -9999 -9999 -9999 -9999 -9999
200 194 189 186 189 184 179 179 182 181 174 171 171 172 163 167 163 167 163 159 165 168 170 170 170 168 169 170 169 165 162 161 173 208 210 -9999 -9999 -9999 -9999 -9999 -9999 -9999 -9999 -9999 -9999 -9999 -9999 -9999 -9999 -9999 -9999 -9999 -9999 -9999 -9999 -9999 -9999 -9999 -9999 -9999 -9999 -9999 -9999 -9999 -9999 -9999 -9999 -9999 -9999 -9999 -9999 -9999 -9999 -9999 -9999 -9999 -9999 -9999 -9999 -9999 -9999 -9999 -9999 -9999 -9999 -9999
