layers/bio11_SA.asc
ncols        300
nrows        420
xllcorner    -83.000000000000
yllcorner    -57.000000000000
cellsize     0.166666666667
NODATA_value  -9999
[rows 39 to 77 of 420, columns 86 to 171 of 300]
266 266 267 268 268 268 269 269 269 265 256 242 256 243 244 255 256 256 253 236 226 253 269 268 259 256 255 254 253 253 253 253 252 253 249 244 240 243 250 253 256 260 259 255 254 244 229 225 247 254 253 252 252 251 251 251 252 251 252 254 254 253 256 259 262 265 266 -9999 -9999 -9999 -9999 -9999 -9999 -9999 -9999 -9999 -9999 -9999 -9999 -9999 -9999 -9999 -9999 -9999 -9999 -9999
267 267 268 268 269 269 270 269 266 265 253 244 245 248 249 254 254 249 249 244 219 229 266 268 259 255 254 252 253 252 249 250 249 251 251 239 232 235 228 244 257 259 259 256 246 233 217 220 229 240 254 254 253 253 251 252 250 249 253 253 253 253 256 258 262 264 267 267 267 -9999 -9999 -9999 -9999 -9999 -9999 -9999 -9999 -9999 -9999 -9999 -9999 -9999 -9999 -9999 -9999 -9999
267 268 269 269 269 269 269 269 263 262 253 238 219 240 246 249 249 241 244 226 205 238 262 256 255 254 254 252 250 250 247 243 247 250 251 236 235 235 235 238 241 222 250 248 241 225 216 218 220 230 245 255 254 250 249 250 252 251 253 251 254 253 257 258 261 263 265 266 267 266 267 -9999 -9999 -9999 -9999 -9999 -9999 -9999 -9999 -9999 -9999 259 -9999 -9999 -9999 -9999
268 269 269 269 268 268 267 267 260 255 252 237 225 215 243 209 219 236 242 216 207 229 246 254 254 253 253 252 251 230 216 229 245 248 248 234 190 204 243 220 215 212 194 189 190 210 212 220 231 226 222 229 255 252 252 252 253 252 252 251 255 254 257 257 260 262 264 265 266 266 266 266 266 265 265 264 262 261 261 261 260 259 258 257 257 257
270 270 270 269 269 268 265 257 248 239 233 222 211 227 224 196 217 258 236 216 189 217 243 254 254 253 253 252 242 212 221 230 247 250 241 223 201 221 231 207 206 190 188 190 199 221 226 223 233 232 223 212 236 251 254 254 252 250 252 252 256 256 256 258 260 261 263 264 265 265 266 266 265 265 265 263 261 260 259 259 259 257 257 257 257 257
270 270 270 269 268 266 263 260 256 242 235 241 238 227 253 261 263 240 228 223 176 229 247 253 254 253 252 237 247 250 249 243 249 250 245 237 227 227 219 209 210 201 193 196 207 211 224 229 228 234 223 214 221 247 254 254 253 253 253 254 255 256 256 258 259 260 262 263 264 265 265 265 265 265 264 263 261 260 259 258 256 256 257 257 257 257
271 271 271 270 269 267 262 257 249 249 243 236 237 232 258 266 267 254 253 201 186 216 247 252 253 253 251 243 248 249 251 252 251 251 248 247 243 213 197 162 207 208 199 197 205 195 206 234 231 234 222 215 216 232 241 249 255 255 256 256 256 256 257 258 258 259 261 262 264 265 264 264 265 265 264 263 261 260 259 257 256 256 257 257 257 255
271 271 271 270 269 266 262 260 257 248 224 236 253 263 260 266 266 262 258 244 210 213 245 249 252 250 250 250 250 248 245 252 252 251 249 247 242 240 165 156 208 209 205 210 207 204 193 192 213 220 203 206 214 227 234 236 245 251 256 256 255 256 257 259 258 259 260 262 264 264 263 263 263 263 262 262 261 259 258 257 257 258 258 258 257 255
270 270 270 269 269 266 264 230 228 220 231 226 253 265 267 267 266 265 263 257 223 229 246 247 245 241 250 247 245 249 250 247 246 249 247 248 247 242 231 206 220 218 209 211 209 211 199 188 197 212 191 202 212 223 233 230 234 253 248 255 255 256 259 258 258 259 261 262 264 262 262 262 262 263 261 262 261 259 258 259 258 259 258 257 257 257
269 269 269 269 268 266 265 237 239 210 197 204 241 263 265 267 266 265 262 257 246 229 232 244 217 203 247 244 235 233 249 250 249 248 247 243 245 239 233 223 222 222 220 218 216 211 202 202 205 218 202 206 216 222 229 223 243 257 256 255 257 258 259 259 260 261 261 262 262 261 262 261 260 262 261 262 260 259 257 255 252 259 257 256 253 256
268 268 268 267 267 266 265 264 263 230 197 196 241 257 266 266 266 263 259 255 255 243 238 243 186 195 227 248 222 229 245 241 248 247 247 240 239 244 238 229 221 218 219 214 205 214 210 214 219 221 224 229 223 222 222 223 248 257 260 260 259 257 257 259 262 260 260 261 260 261 260 254 256 262 262 261 259 258 258 258 257 260 259 257 250 256
266 266 266 267 267 266 265 265 264 232 206 225 257 263 265 266 265 248 228 231 240 249 239 231 212 188 186 225 245 234 232 232 235 249 246 246 235 234 235 224 225 223 220 212 207 210 214 213 214 226 232 237 237 239 233 247 261 260 261 261 260 255 259 260 261 260 260 260 260 256 253 252 260 261 261 259 258 258 257 258 259 260 259 257 255 257
264 265 266 266 266 266 265 263 251 232 245 259 264 265 265 264 263 230 204 206 209 222 225 230 217 212 215 235 245 240 208 229 232 246 245 244 236 230 242 236 232 229 227 220 227 228 237 235 241 240 242 236 241 245 241 247 260 262 262 253 261 261 260 261 261 260 260 258 258 255 253 256 260 259 259 259 258 257 257 258 258 258 257 252 251 253
264 264 265 265 265 265 265 263 262 258 263 264 264 265 264 263 257 245 223 219 206 203 195 198 220 225 225 234 236 242 218 226 227 231 244 244 241 238 240 241 239 235 234 241 247 251 254 251 255 252 246 244 244 252 239 240 243 254 263 257 262 261 261 260 261 260 259 259 255 253 250 255 260 260 255 253 258 256 257 259 257 256 254 247 250 254
263 263 264 264 264 265 264 264 263 262 264 264 264 262 263 262 250 248 238 222 211 197 198 192 215 224 226 226 236 241 228 219 231 236 242 236 232 237 236 238 234 244 252 257 257 259 260 260 262 262 255 256 248 247 254 249 250 265 263 264 264 262 261 261 260 260 260 259 255 252 251 256 260 261 253 257 258 257 259 259 256 255 255 255 254 254
262 263 263 263 263 264 264 264 263 263 263 262 263 262 253 248 248 241 242 214 219 214 210 198 207 221 228 226 228 238 232 231 228 240 230 238 246 250 242 248 250 252 258 260 260 261 261 261 262 262 260 255 257 263 262 260 264 266 265 265 264 264 262 261 261 260 259 257 255 246 255 255 256 258 254 254 257 257 259 257 254 253 255 253 252 250
262 262 262 262 262 263 263 263 262 263 263 260 263 262 256 243 253 243 217 199 235 223 217 213 220 204 219 232 236 236 245 246 244 216 201 216 248 252 249 252 255 247 256 262 261 262 262 262 262 263 263 263 264 265 266 266 266 265 266 266 263 264 263 262 262 261 258 255 254 254 251 249 240 249 253 255 255 259 257 255 254 252 253 252 251 248
260 261 261 261 262 262 262 262 262 262 262 262 262 258 259 256 259 214 206 207 248 250 217 221 215 209 232 234 239 237 235 244 248 244 224 224 243 253 253 251 256 259 261 261 261 262 262 263 263 263 264 265 265 266 266 266 265 264 265 265 264 264 264 263 261 262 260 258 257 255 251 254 249 250 245 256 257 256 255 253 253 253 252 250 250 247
259 259 260 261 261 261 261 261 261 261 261 262 262 261 260 256 258 204 187 254 259 257 231 219 208 220 238 231 235 240 236 237 245 249 246 243 246 242 250 254 255 258 260 261 261 261 262 262 263 263 264 264 265 266 263 259 260 258 264 264 265 264 264 263 260 259 260 258 257 256 254 255 254 251 255 252 254 256 254 253 253 253 251 250 248 247
258 259 259 260 260 260 261 261 260 260 260 260 261 259 254 256 260 254 237 259 259 258 236 219 223 244 221 206 234 239 239 238 241 248 249 249 250 249 250 251 254 256 259 260 260 259 260 261 262 264 263 262 265 253 232 246 245 242 258 265 264 261 260 259 258 257 258 258 257 257 256 255 254 247 248 247 251 255 255 254 253 252 249 248 247 246
258 259 259 259 259 259 260 260 259 260 260 260 260 260 259 260 260 260 260 260 259 259 245 238 251 224 207 203 215 230 235 235 236 239 247 248 249 249 250 250 252 254 258 260 260 261 261 262 262 263 263 264 265 263 248 256 254 254 262 263 262 259 259 257 256 257 257 257 258 257 255 252 253 253 252 253 254 255 254 253 250 246 243 248 248 247
257 257 258 258 258 259 259 259 259 259 259 260 260 259 260 260 260 259 259 261 261 261 259 257 253 213 200 196 214 227 229 239 242 246 249 249 249 249 250 249 251 256 259 260 261 262 262 262 262 262 262 263 264 263 264 263 262 260 263 261 262 256 257 258 255 255 257 258 258 257 256 253 253 254 250 251 253 252 253 250 247 244 246 249 249 247
256 257 257 257 257 258 259 258 258 258 259 260 260 260 260 260 260 260 260 260 262 262 260 259 252 235 213 202 214 220 221 232 246 251 251 252 252 252 253 253 255 256 259 261 261 262 261 262 262 262 262 262 261 262 263 263 262 261 261 261 262 258 257 257 256 257 258 259 259 258 258 257 255 252 251 240 251 251 250 250 247 240 249 249 249 248
255 256 256 256 256 257 258 258 258 259 259 259 259 260 260 260 259 260 258 257 261 260 260 252 232 233 227 206 212 220 222 222 232 249 248 251 245 248 253 255 257 260 260 258 260 259 262 261 261 262 262 262 263 262 262 263 261 259 261 260 261 256 258 257 258 259 259 259 258 259 259 258 254 254 252 240 247 245 250 249 245 238 239 242 249 248
255 255 255 256 256 256 257 257 257 257 258 258 259 260 260 261 260 260 260 249 256 260 259 252 238 244 244 223 211 219 221 220 231 243 249 250 252 252 254 258 259 258 258 247 257 258 263 263 261 253 254 261 262 262 261 262 260 258 259 258 258 257 258 258 260 259 259 260 259 258 259 258 256 251 250 245 244 242 246 244 243 242 235 238 247 249
254 255 254 255 255 256 256 256 256 257 257 257 259 260 260 261 261 261 258 250 258 259 256 255 256 255 253 246 236 235 231 217 231 248 251 251 254 255 257 258 255 259 261 260 261 262 263 262 261 257 252 260 260 261 260 260 257 256 257 257 257 258 258 259 260 259 259 259 258 257 259 259 258 256 253 245 250 238 235 244 243 244 241 240 241 243
254 254 252 253 255 255 256 256 256 256 257 257 259 260 261 261 261 261 258 241 258 260 250 241 249 245 244 241 242 238 236 224 243 250 252 253 256 258 258 258 258 259 261 261 263 263 262 257 261 258 256 260 258 260 258 257 257 257 258 258 257 258 258 259 260 260 260 259 257 257 257 258 256 256 256 255 252 247 238 241 245 244 243 242 244 244
253 254 251 251 254 255 256 256 255 256 256 258 259 260 261 261 261 261 255 235 259 258 239 234 233 234 235 236 238 248 257 256 259 254 258 257 258 259 260 259 258 258 263 264 264 264 263 262 262 259 261 258 258 257 256 256 257 257 257 257 258 257 258 259 260 259 259 255 256 257 258 257 254 250 252 254 252 251 247 245 244 246 244 244 244 246
253 253 254 254 254 256 256 256 256 256 257 258 260 260 260 261 259 261 239 233 258 245 236 237 237 236 236 236 256 260 261 261 260 260 260 258 256 260 259 252 236 229 263 264 265 264 264 263 263 263 260 256 256 256 256 257 257 252 256 257 258 254 257 259 260 259 258 256 258 258 259 258 254 250 251 253 252 252 250 248 246 246 245 246 246 247
252 253 254 254 255 256 256 257 258 258 259 259 261 261 261 261 241 248 236 235 240 239 238 236 236 235 232 244 260 261 261 261 261 261 258 257 260 261 253 241 230 254 265 265 265 265 264 264 262 261 262 259 258 258 253 250 250 253 256 258 257 247 244 254 257 259 259 258 258 258 259 258 254 252 252 253 253 251 251 248 247 247 246 244 246 247
253 254 254 254 256 256 257 258 259 260 261 261 262 262 262 262 250 236 239 238 238 234 236 232 232 240 244 243 259 258 261 262 262 262 262 262 260 263 255 250 256 262 266 266 265 265 265 265 265 264 255 257 259 260 262 256 244 247 252 258 254 251 253 250 253 257 258 260 259 259 259 257 256 253 252 254 252 250 251 249 246 247 246 245 245 243
252 253 254 255 256 257 258 259 261 262 263 263 263 263 262 262 244 237 238 238 237 235 234 228 246 260 260 249 242 236 261 259 261 262 262 263 263 263 256 264 265 265 266 265 265 266 266 266 265 265 264 263 263 263 260 259 260 247 246 252 247 248 244 243 245 252 258 260 260 259 259 258 254 253 253 253 252 250 251 249 246 246 247 245 244 246
251 252 254 255 256 257 259 260 262 263 264 265 264 263 263 260 229 237 238 237 237 238 243 260 262 262 262 262 261 251 226 222 254 261 262 264 263 263 264 265 265 265 266 266 266 266 266 266 265 265 264 264 264 260 259 259 261 258 249 255 259 255 256 245 242 251 252 255 258 260 259 259 254 253 253 252 252 251 250 249 246 246 245 245 242 246
251 252 253 255 256 258 259 260 261 263 264 264 263 263 262 225 194 245 247 235 238 256 260 262 262 262 262 262 263 262 260 219 220 258 263 264 264 264 264 265 266 266 266 266 266 266 266 266 266 265 262 264 264 263 262 261 260 258 250 246 257 256 256 249 247 250 254 256 254 259 260 259 256 252 253 252 252 251 250 248 247 246 245 245 245 244
250 252 254 255 256 257 259 260 261 262 263 263 262 261 257 208 229 256 234 236 257 262 261 262 262 263 263 263 263 263 264 263 254 262 263 264 264 264 265 265 265 266 266 266 266 267 267 266 266 265 264 264 264 264 262 263 263 262 255 250 258 260 258 255 251 254 257 258 259 259 260 259 258 252 252 252 252 251 250 248 248 244 245 244 245 244
250 252 253 254 256 257 258 259 260 261 261 262 261 258 257 261 253 250 234 219 252 262 262 262 263 263 263 263 264 263 264 264 264 264 264 265 265 265 265 265 265 266 266 266 267 267 267 267 266 265 265 265 264 263 262 263 264 263 262 262 261 262 262 262 258 256 257 258 260 257 259 259 259 257 256 254 252 250 250 249 246 241 246 247 247 247
250 252 253 254 255 256 257 258 259 259 260 261 262 261 261 250 255 244 227 228 243 262 260 261 263 263 263 263 263 264 265 264 265 264 264 265 265 265 265 265 266 266 266 266 267 267 267 267 266 265 264 262 264 263 263 264 260 261 262 263 263 263 264 263 262 261 261 258 259 260 260 259 260 259 258 258 252 252 251 250 243 241 239 243 247 247
250 251 253 254 254 255 256 257 258 258 259 260 261 261 261 262 261 260 260 262 260 262 262 261 261 263 263 263 263 264 264 264 264 264 264 264 265 265 265 266 266 266 266 267 267 267 267 267 266 265 264 262 263 263 262 264 262 260 261 263 263 263 264 264 263 263 262 261 260 260 260 259 260 259 258 258 252 252 249 248 248 242 239 239 243 246
251 252 253 254 254 255 256 256 257 256 258 259 259 260 261 261 261 261 261 261 261 262 262 262 261 262 263 263 263 263 264 264 264 265 264 264 265 265 265 265 266 266 266 267 267 267 267 267 266 265 264 265 263 264 264 264 263 260 259 259 261 262 263 261 259 262 263 262 263 261 261 260 260 257 255 258 253 251 249 248 246 242 240 242 244 244
