layers/bio18_SA.asc
ncols        300
nrows        420
xllcorner    -83.000000000000
yllcorner    -57.000000000000
cellsize     0.166666666667
NODATA_value  -9999
[rows 152 to 189 of 420, columns 174 to 260 of 300]
515 520 523 520 510 496 481 465 450 436 426 417 411 410 411 408 411 416 421 423 421 416 409 401 397 393 386 387 386 384 180 167 161 159 157 156 152 148 148 151 159 162 160 159 160 169 176 169 161 159 160 159 365 338 328 307 287 270 249 244 231 221 223 221 209 205 207 192 187 183 188 184 284 309 330 340 326 268 236 225 232 273 260 241 242 217 191
496 498 500 496 488 476 463 448 436 424 415 407 401 400 400 402 404 409 413 416 413 409 403 399 397 394 388 384 193 189 178 165 158 153 150 148 143 141 146 153 159 164 164 159 158 162 172 172 164 160 159 155 146 334 324 313 298 281 262 243 219 220 219 213 204 199 210 200 189 185 195 186 279 283 307 347 371 286 244 238 250 264 255 224 216 202 189
477 480 479 474 467 458 444 433 422 413 404 398 392 391 393 396 399 405 408 409 408 403 399 400 397 394 388 384 190 185 175 164 157 154 145 149 143 141 146 154 162 164 173 164 158 161 174 171 164 157 153 148 337 322 316 310 304 288 271 248 232 231 227 218 212 218 223 216 196 189 205 203 299 283 304 317 359 285 255 257 271 268 241 211 190 202 217
460 464 463 457 450 441 430 419 411 403 397 389 386 386 389 391 396 401 404 405 403 401 399 398 400 394 390 384 381 181 173 164 161 155 144 154 156 146 149 156 163 175 181 174 164 164 173 168 160 153 145 138 319 307 299 296 293 285 274 264 257 256 246 224 218 227 236 229 203 194 214 231 342 331 331 349 312 237 252 278 305 289 253 227 222 235 273
449 451 448 442 437 427 417 406 398 393 391 385 386 388 388 391 395 399 402 402 400 400 401 403 400 396 390 389 186 183 175 168 166 160 152 155 181 155 155 164 171 171 179 173 169 170 175 167 156 147 136 129 296 283 274 273 273 272 275 280 285 318 284 223 219 224 238 236 211 205 224 261 375 372 357 352 307 240 256 281 304 279 252 241 252 272 313
443 444 437 433 429 417 406 398 386 386 387 388 390 393 391 392 395 399 401 400 399 399 404 403 397 394 187 189 190 185 179 176 183 175 167 170 193 179 166 164 178 172 171 165 158 165 174 163 151 138 128 293 277 262 256 257 248 246 253 269 272 348 303 223 216 225 234 235 231 219 239 272 396 393 372 351 313 268 267 264 268 260 250 241 240 260 308
442 437 432 425 422 409 402 393 382 379 389 398 401 397 393 393 397 399 401 400 397 397 398 394 393 183 188 193 192 190 188 189 204 196 190 183 202 217 216 187 171 162 175 154 148 155 164 157 143 129 296 279 264 252 246 254 254 227 202 234 252 278 263 221 215 226 234 230 237 230 228 253 392 377 349 365 314 283 263 245 256 265 248 241 247 274 318
444 434 432 420 413 405 402 392 389 379 393 407 414 399 396 397 399 400 401 401 395 388 385 385 178 181 189 194 198 197 199 209 227 221 214 199 205 222 233 207 177 173 167 150 146 146 159 152 137 123 284 266 254 248 249 261 256 234 218 230 238 244 235 215 221 228 230 229 234 236 370 374 360 339 323 362 295 265 243 227 245 256 249 250 267 303 339
443 435 434 418 410 405 406 401 397 395 405 411 405 402 400 401 401 399 399 395 389 379 169 172 174 180 185 194 200 206 217 241 258 245 236 212 211 208 208 221 205 192 176 153 154 155 165 152 139 123 282 260 252 251 254 257 248 229 228 232 233 231 223 222 225 221 216 218 224 395 371 337 324 316 236 273 270 229 225 209 224 241 242 249 295 340 341
455 449 435 416 411 409 411 411 407 408 421 424 411 405 404 402 402 398 393 386 378 369 163 167 172 179 187 196 205 213 234 250 256 242 230 223 202 198 225 252 228 221 169 158 158 169 178 162 143 128 290 272 259 253 250 247 239 230 237 242 234 224 217 231 222 210 202 210 223 319 375 333 324 309 215 233 241 231 224 214 208 215 216 237 302 342 363
478 468 448 425 420 415 422 420 413 418 429 421 411 407 408 406 403 397 389 380 368 162 160 165 172 179 186 194 203 218 226 231 236 235 221 218 206 236 264 244 196 172 161 163 169 189 194 178 156 327 302 284 269 257 248 241 238 241 257 252 230 217 216 219 213 204 356 370 346 332 367 336 327 311 208 218 222 230 235 234 228 230 225 261 318 330 352
499 491 468 447 437 428 425 426 415 412 415 412 411 411 410 409 406 399 388 373 170 166 164 169 175 182 189 194 202 210 213 222 228 238 213 214 216 240 250 248 189 166 161 165 172 192 187 174 163 339 317 297 279 264 247 240 237 242 254 246 219 209 211 212 208 209 377 376 359 347 375 352 329 313 225 228 229 225 230 232 223 227 240 273 346 346 339
520 775 490 472 458 444 437 431 419 409 408 408 411 411 415 413 412 406 392 378 177 173 170 174 175 186 193 201 210 202 206 219 226 228 210 208 218 225 234 233 180 162 160 163 171 180 182 176 372 350 329 311 289 271 259 246 243 249 254 241 219 210 213 211 214 224 226 380 343 415 379 338 320 232 229 233 239 235 231 225 209 220 231 280 340 343 348
538 534 509 492 724 458 445 434 418 403 398 406 407 411 414 418 419 413 401 189 187 183 179 183 185 192 201 218 212 198 201 211 217 218 211 210 224 225 224 217 174 165 162 373 171 191 390 382 372 354 338 320 307 292 269 265 270 273 265 247 228 217 216 216 221 226 228 386 417 320 383 281 255 227 225 237 250 251 235 220 206 197 226 292 311 317 342
820 823 794 502 479 455 441 427 418 405 398 402 405 410 414 420 426 419 406 195 194 190 189 195 195 204 224 218 209 200 203 204 205 213 212 216 223 223 223 201 179 172 169 380 188 195 361 363 364 352 341 336 321 302 290 289 292 293 277 256 240 227 221 223 226 226 223 225 344 333 308 290 263 228 235 250 261 257 244 231 223 220 267 310 272 285 330
528 798 783 752 475 460 449 436 438 417 403 402 404 407 410 413 418 412 201 199 197 196 195 205 218 228 225 215 207 204 209 202 201 205 205 209 208 211 215 200 186 181 186 178 386 381 355 351 355 350 342 336 331 316 302 300 299 296 283 262 247 238 235 231 231 345 340 327 353 333 306 291 281 268 266 269 272 269 254 240 240 278 292 294 271 293 338
767 767 756 489 474 461 454 442 452 423 415 404 404 402 401 401 396 391 199 197 195 196 201 213 231 228 221 213 212 211 205 200 195 191 188 191 193 197 206 194 198 408 197 194 384 372 360 349 345 343 340 336 329 314 305 300 300 294 284 263 252 246 242 236 234 353 343 349 338 320 298 281 277 274 277 283 279 276 258 247 257 292 289 267 267 287 339
735 736 728 708 687 446 443 453 462 455 436 407 403 398 394 389 381 374 196 193 194 195 205 224 233 231 222 217 218 210 200 199 189 188 186 186 190 193 203 189 196 412 190 186 384 362 356 356 345 342 342 334 320 305 298 292 291 288 286 277 258 249 240 232 346 352 348 347 323 306 291 266 262 273 288 294 283 273 263 254 260 272 267 251 247 268 307
710 711 704 691 666 429 425 430 449 452 424 407 401 393 388 383 375 370 191 191 193 195 203 223 226 224 218 218 212 209 204 202 192 190 191 188 187 192 194 188 181 180 178 388 375 367 349 356 351 348 334 324 309 299 289 281 279 280 292 291 272 257 333 333 341 350 350 347 331 312 288 259 257 280 309 321 295 276 263 265 266 261 252 239 238 253 284
693 699 694 677 650 404 405 407 419 421 414 410 398 386 383 380 378 194 191 189 187 195 201 220 224 221 222 221 221 216 215 209 197 198 205 206 196 194 192 185 176 383 373 357 354 355 346 351 344 340 328 318 306 293 279 264 259 265 303 295 282 266 338 332 338 351 357 356 352 328 301 276 267 287 313 324 299 274 267 281 278 260 247 230 234 236 245
689 697 686 661 394 384 384 390 402 421 423 411 385 375 375 380 384 198 192 190 186 185 189 207 218 224 224 223 223 221 225 221 211 212 402 420 441 423 401 384 379 377 368 367 367 369 354 342 336 334 329 318 307 293 273 247 253 280 303 296 286 275 342 334 339 354 370 367 360 343 315 294 285 293 303 304 290 274 273 284 277 271 245 230 228 236 251
674 697 696 411 389 376 376 381 379 383 402 393 366 360 366 373 377 198 195 190 185 185 183 202 218 223 223 224 219 218 220 220 218 394 405 437 475 419 394 378 377 376 375 381 379 374 358 346 333 328 328 320 310 301 290 271 279 295 304 292 286 363 351 342 344 363 379 373 363 348 331 311 300 299 303 305 304 290 285 285 273 262 248 241 241 246 265
427 436 427 409 394 378 373 369 364 363 377 380 365 353 363 374 373 195 196 190 186 185 190 205 215 219 226 221 219 215 218 210 386 392 407 418 416 389 379 371 371 375 377 377 379 371 354 341 330 322 324 325 318 311 313 307 305 310 315 292 298 379 364 355 348 353 363 371 370 357 341 320 309 304 303 304 305 298 292 280 269 260 256 254 255 258 268
414 424 420 430 414 392 388 383 362 371 388 368 360 357 355 362 378 197 193 191 191 185 194 204 213 214 221 219 219 218 216 390 381 391 402 401 395 367 359 362 366 520 502 374 374 372 363 349 335 322 322 325 317 310 329 334 326 321 317 304 310 383 376 378 371 351 351 360 371 362 339 325 310 304 302 299 301 302 296 283 274 265 264 266 272 284 293
406 416 415 416 419 417 403 394 396 408 424 402 377 364 369 366 368 193 194 191 189 185 192 199 203 204 210 210 209 206 401 395 400 416 421 389 377 350 349 355 367 374 378 531 543 552 362 352 343 328 323 322 310 300 328 345 340 333 328 317 398 376 380 394 392 372 363 369 360 361 333 329 311 299 302 296 293 297 294 290 278 278 276 291 287 315 329
405 414 415 411 419 428 409 400 392 394 403 418 409 385 386 379 359 192 192 194 191 187 192 195 198 200 205 208 202 203 388 401 402 407 425 390 372 354 355 353 542 545 534 550 547 537 539 519 338 332 323 314 305 309 335 350 349 360 374 435 402 369 371 396 403 391 378 374 366 363 342 329 315 296 297 298 303 298 302 304 293 298 289 280 310 346 358
415 417 416 412 418 419 410 412 415 406 411 414 419 410 396 381 359 201 194 194 199 191 192 195 196 197 203 212 206 365 378 403 409 412 399 385 364 371 378 546 354 543 535 538 539 527 518 522 508 493 312 294 292 314 565 597 373 391 503 474 427 388 382 406 407 399 385 375 370 368 354 328 311 317 317 312 314 302 301 313 315 314 314 318 336 354 354
415 416 419 422 429 422 421 420 422 417 421 421 436 422 400 376 363 375 206 198 200 200 193 194 195 194 201 208 387 367 377 397 397 401 390 376 365 372 369 548 541 539 529 530 535 531 521 523 506 505 484 445 443 473 533 562 504 526 513 498 477 440 419 424 410 400 383 373 364 358 343 328 329 333 330 322 322 309 302 303 312 325 333 343 341 335 324
408 415 422 442 455 445 436 429 426 422 420 427 432 415 396 372 368 378 206 205 203 201 197 193 194 195 197 204 378 365 374 382 380 386 376 362 358 362 559 549 539 538 523 528 541 546 536 526 511 508 499 485 479 487 467 434 428 490 485 483 453 442 434 428 416 394 376 370 355 355 336 341 342 342 339 331 322 308 290 288 297 320 348 354 336 323 292
410 423 432 449 465 475 474 445 439 442 427 424 421 418 408 386 383 382 210 206 202 202 194 193 196 192 367 376 364 363 364 373 362 370 359 355 368 366 357 557 552 527 524 535 559 564 552 554 529 527 527 515 510 503 471 450 432 448 450 453 447 450 437 423 407 385 381 367 362 364 349 359 361 357 348 329 320 304 290 283 283 307 340 344 326 309 280
417 427 432 449 470 478 481 473 457 448 436 417 418 409 399 382 379 389 401 218 205 202 196 191 190 190 363 370 356 365 355 357 355 354 348 361 372 365 578 572 573 549 543 557 578 574 561 555 545 549 544 538 536 513 491 463 467 481 492 451 463 461 438 427 401 400 378 374 375 380 375 374 371 371 357 337 319 308 298 289 289 305 321 318 314 311 286
409 424 428 449 466 473 472 467 440 427 429 414 402 392 387 378 386 402 423 424 404 206 198 192 368 360 362 355 349 353 344 348 345 341 355 358 365 364 358 594 589 572 563 570 581 568 564 573 570 570 559 560 547 518 501 481 488 512 519 462 459 494 450 435 428 407 392 391 393 395 399 389 384 375 363 349 334 316 307 298 295 303 310 311 310 318 308
389 412 426 452 459 462 462 451 430 417 420 412 393 389 388 384 397 421 461 453 427 405 388 377 372 376 368 342 359 354 341 346 339 345 353 351 359 367 365 603 597 579 576 583 577 570 582 607 596 583 573 568 546 516 519 499 492 529 526 480 485 516 475 471 449 424 419 415 408 412 412 411 398 391 381 367 348 332 317 306 299 298 297 290 298 330 338
383 394 414 439 454 454 452 441 429 414 410 416 403 386 389 391 402 441 469 460 433 407 388 382 380 378 358 338 365 340 326 332 335 346 349 351 362 369 622 611 611 597 592 590 586 594 602 617 608 593 584 571 538 519 530 524 497 532 518 484 524 537 501 491 471 455 447 438 433 420 406 410 408 413 401 382 367 349 332 323 311 298 285 268 290 339 361
380 391 397 412 441 448 444 436 427 410 401 408 408 675 664 657 656 439 470 467 440 416 390 377 372 369 352 337 330 338 318 322 607 345 350 368 385 746 629 621 616 617 606 602 606 622 614 623 617 606 583 559 526 528 528 528 498 509 476 505 550 551 534 518 501 497 481 469 445 431 420 417 420 420 415 403 383 359 345 331 323 309 296 291 309 345 371
380 389 397 410 432 437 437 432 422 409 400 396 406 673 664 657 655 661 443 453 442 422 392 375 372 366 331 333 305 310 306 310 606 575 590 369 382 751 633 632 628 625 620 619 630 625 618 625 630 604 584 558 527 528 524 510 481 469 457 495 548 561 563 552 544 514 501 489 469 449 452 424 429 421 419 402 388 372 360 344 332 322 314 315 328 350 363
376 381 389 410 420 422 428 428 423 411 404 399 392 667 660 658 399 413 421 413 413 407 391 369 364 358 325 317 286 568 585 599 604 626 635 755 757 748 644 643 640 632 630 630 628 633 624 628 619 601 583 544 522 525 521 499 484 490 480 517 557 554 559 568 553 537 526 510 488 464 448 431 428 422 421 413 407 402 386 357 346 338 332 334 342 353 -9999
374 379 384 397 406 415 422 423 419 414 409 402 395 392 657 655 656 397 407 408 407 389 376 366 357 345 327 297 282 586 614 631 618 644 803 787 768 754 652 646 643 644 648 643 630 637 633 621 611 602 580 540 512 505 505 490 495 515 515 524 566 569 574 577 570 565 551 533 519 504 476 437 428 424 429 429 415 403 384 369 359 351 346 347 353 356 -9999
