layers/bio11_SA.asc
ncols        300
nrows        420
xllcorner    -83.000000000000
yllcorner    -57.000000000000
cellsize     0.166666666667
NODATA_value  -9999
[rows 156 to 194 of 420, columns 172 to 257 of 300]
229 229 229 228 229 231 229 231 232 234 234 235 235 238 238 241 246 249 251 252 253 254 255 255 253 252 252 252 254 252 251 249 250 247 240 239 245 244 227 245 247 244 242 245 241 240 240 237 226 227 228 229 227 226 224 222 221 221 220 216 219 229 235 238 240 242 240 237 221 209 224 226 219 195 172 178 178 177 180 212 211 211 210 196 180 185
227 227 225 225 227 228 227 229 231 231 234 234 235 236 237 240 245 248 250 251 252 253 254 253 251 251 253 252 252 250 248 249 250 247 236 240 245 242 226 235 244 246 238 243 244 244 244 238 223 225 227 226 226 224 223 221 219 218 222 220 223 230 236 238 239 240 238 233 220 210 213 220 211 190 173 186 190 177 179 206 201 206 201 182 180 186
223 223 223 224 225 226 225 229 229 229 232 234 233 233 235 240 246 248 249 250 252 252 253 251 250 253 253 253 251 246 246 248 249 246 233 240 242 243 229 218 217 235 243 247 238 248 246 240 230 224 225 225 224 222 221 220 219 218 222 226 231 230 232 233 237 238 235 228 209 208 206 212 210 190 170 186 197 173 182 202 204 208 192 171 179 186
220 220 220 224 222 224 226 228 227 229 229 233 233 233 233 242 246 247 248 250 251 251 251 252 252 253 252 252 248 246 246 248 247 243 234 239 239 243 234 221 212 226 241 240 241 248 246 239 227 222 224 224 223 222 221 220 219 218 218 221 224 217 218 229 235 234 232 225 210 201 201 199 204 197 192 199 203 173 188 205 210 211 196 182 185 190
218 218 222 223 220 223 225 226 225 226 228 231 232 234 239 243 245 246 248 249 250 250 249 251 252 251 252 251 250 247 246 246 243 232 232 237 231 240 235 233 230 222 228 232 237 247 244 238 224 221 222 222 222 222 221 217 217 217 217 217 215 214 222 232 232 231 229 225 214 202 197 193 197 211 214 210 207 188 192 218 214 215 202 190 192 200
217 217 220 219 219 222 223 224 223 224 227 231 230 232 239 242 244 246 247 248 250 249 249 250 250 250 251 250 248 246 244 243 234 229 234 238 239 236 242 241 223 204 218 218 242 246 244 235 223 221 221 219 220 219 219 218 218 215 213 213 215 222 230 230 230 229 226 223 219 208 194 193 197 212 212 217 210 205 204 217 218 214 212 201 201 205
214 214 213 214 217 220 220 223 220 222 227 229 230 234 239 242 243 245 246 248 249 248 249 250 249 250 250 250 249 247 244 239 238 240 240 238 241 236 239 220 201 211 233 242 246 244 241 231 221 217 217 218 219 218 217 217 217 218 216 216 222 227 229 230 230 226 224 221 217 212 194 197 207 213 212 212 215 219 219 218 213 209 200 186 197 196
214 210 210 211 215 218 219 221 221 221 227 230 233 236 239 241 242 244 246 247 248 249 249 249 249 247 247 249 248 248 244 240 242 240 237 229 241 235 230 215 210 210 234 242 244 243 239 230 226 222 217 216 216 215 215 214 218 219 219 221 225 227 229 230 228 225 222 214 215 213 196 201 207 204 208 210 214 209 214 214 208 200 189 189 189 186
214 212 208 208 213 213 214 217 217 219 223 229 232 235 237 240 242 244 245 246 248 249 249 248 248 245 246 247 247 242 236 240 240 235 232 229 239 236 226 220 213 213 237 241 242 241 238 233 228 222 215 214 214 213 215 215 214 217 218 219 220 225 228 228 221 223 221 207 204 211 194 199 205 209 209 208 206 200 204 211 199 195 183 187 180 188
207 206 205 208 210 209 210 213 215 218 222 228 232 233 237 240 241 243 245 246 248 248 248 248 248 243 243 245 243 232 234 240 239 235 232 229 232 229 215 214 213 217 239 240 240 239 235 222 224 220 212 212 213 214 212 210 215 215 213 215 218 224 226 225 222 225 224 221 211 209 197 201 204 202 200 198 196 198 206 205 191 184 178 174 173 193
198 200 204 204 203 204 209 215 218 221 223 226 231 234 237 239 241 243 244 246 247 247 246 247 246 241 243 241 231 234 236 239 236 235 234 224 221 215 208 207 207 224 237 238 237 233 220 213 219 215 210 212 212 210 212 212 212 210 210 213 218 222 225 225 225 225 225 223 221 215 196 198 198 193 191 196 198 202 208 197 183 175 173 174 183 200
197 197 197 199 199 204 209 213 215 218 215 223 231 234 237 239 241 243 244 245 246 246 246 245 245 240 235 230 232 236 238 236 230 235 232 220 216 211 212 210 206 222 233 234 225 225 218 210 214 213 210 210 212 213 208 208 210 208 208 210 212 221 224 223 224 223 225 212 209 218 196 195 194 196 196 196 201 204 204 198 184 181 178 192 192 197
198 197 198 199 199 201 204 210 212 214 209 222 227 234 237 239 241 243 244 245 245 246 246 245 243 237 229 231 235 237 234 228 231 232 229 228 227 222 220 215 207 226 226 230 212 208 213 210 210 213 212 211 210 208 207 209 209 208 207 209 212 224 224 223 223 223 227 211 220 199 193 189 187 190 186 183 187 195 189 188 188 193 195 206 207 205
198 198 198 199 199 203 206 209 211 206 202 207 218 233 236 239 241 242 244 245 243 244 245 244 239 229 226 228 232 233 226 227 233 229 230 225 223 220 215 211 200 222 219 221 208 205 207 213 211 207 211 209 205 206 209 212 211 212 210 213 219 224 223 223 224 226 228 221 219 189 195 188 183 185 184 183 187 188 189 187 193 199 209 211 213 211
197 196 196 196 198 199 205 205 208 208 203 206 224 234 237 240 241 242 243 244 244 243 241 242 237 227 229 232 234 232 233 230 230 224 227 222 215 214 213 205 199 207 213 209 205 204 207 208 216 207 206 204 207 208 212 212 213 215 214 218 224 221 219 223 224 226 226 224 219 192 193 185 185 188 187 189 188 191 190 192 196 190 199 211 213 213
197 193 192 192 195 199 202 204 205 210 212 219 230 234 237 240 241 241 242 243 244 243 243 237 234 224 227 230 230 231 228 226 221 218 223 216 204 198 202 201 197 199 203 204 208 214 216 215 218 211 211 207 209 209 211 212 213 216 217 221 219 209 215 220 221 222 220 216 210 180 188 185 184 187 190 191 189 191 193 194 189 186 197 211 210 211
199 192 191 191 197 202 205 207 208 209 214 216 227 234 238 240 241 240 238 241 243 241 242 240 236 226 224 224 227 229 228 224 209 206 210 206 200 193 196 197 196 198 200 200 206 206 206 204 215 218 215 210 208 208 209 209 212 214 215 213 207 204 212 217 219 216 212 203 200 178 182 185 186 187 186 183 186 187 187 187 192 198 205 204 213 215
207 203 201 193 197 203 205 206 208 210 218 226 232 238 239 239 240 240 240 240 240 240 239 236 235 223 220 221 223 224 226 223 213 205 203 204 201 191 190 194 194 198 198 199 201 197 198 201 213 215 215 212 206 207 209 209 209 208 204 205 199 202 208 214 215 210 204 192 188 181 180 181 193 187 182 182 186 190 196 199 199 202 210 212 217 219
212 210 204 198 201 204 204 208 212 216 220 227 231 233 236 238 237 234 237 239 236 238 236 231 226 219 217 218 214 218 217 217 207 208 205 203 198 194 190 193 191 194 199 201 203 203 197 201 211 214 214 213 209 206 207 209 205 201 198 198 195 201 207 209 209 205 193 184 184 185 185 186 197 187 184 184 187 192 194 193 197 212 216 218 217 220
216 211 209 202 203 195 199 206 210 213 221 220 221 233 236 237 237 234 228 231 238 234 225 229 221 216 212 214 211 211 209 206 203 205 205 204 199 195 189 190 190 193 199 207 210 209 198 196 200 206 209 212 211 209 208 208 203 200 198 196 193 197 203 208 205 197 188 182 181 182 186 191 197 186 193 190 189 194 195 191 200 211 212 214 210 211
217 213 210 204 203 202 198 200 208 214 214 211 208 219 230 234 230 229 228 229 232 232 227 229 221 217 215 216 213 212 209 208 200 202 203 200 197 198 192 193 192 194 192 197 210 210 208 197 197 200 202 207 209 208 208 207 203 199 198 196 194 191 195 205 201 188 182 183 183 187 181 190 198 187 195 201 193 197 203 204 207 206 212 205 202 195
217 212 209 203 201 205 202 199 210 216 219 220 219 215 219 227 224 223 230 227 229 225 226 227 221 219 218 217 214 210 210 206 202 201 204 204 197 198 196 197 192 196 195 195 206 211 213 209 200 202 203 203 205 206 207 208 203 200 198 194 193 189 194 204 199 183 185 184 185 191 186 199 199 194 197 209 206 202 195 203 199 196 206 199 201 210
216 204 200 198 199 205 206 209 215 215 214 219 218 219 218 220 220 222 229 219 226 224 218 224 222 219 218 218 213 206 207 209 206 200 201 201 202 201 202 194 187 195 197 196 205 212 213 214 211 204 203 203 206 207 208 205 205 199 195 192 189 189 195 201 194 179 184 184 188 193 193 196 195 211 215 195 191 193 190 202 205 195 195 199 201 208
214 202 200 199 197 201 206 214 216 217 215 218 216 218 213 217 219 223 226 219 216 222 218 218 222 221 219 219 213 207 206 212 207 201 203 202 204 205 204 196 193 198 199 198 207 212 215 215 214 208 209 204 206 209 207 200 206 202 196 192 189 188 185 196 189 174 182 182 191 193 196 204 209 214 201 190 187 190 189 199 205 207 212 203 204 205
205 205 206 203 201 197 200 211 215 217 217 217 217 213 211 215 217 222 221 218 218 218 220 220 222 222 220 218 215 207 210 213 208 206 207 205 208 210 208 203 201 202 203 200 207 213 215 214 215 213 213 211 211 208 204 199 203 206 203 193 196 192 196 195 188 180 180 187 194 191 200 196 206 200 194 189 187 191 195 203 214 214 215 212 206 210
209 206 206 203 203 202 204 204 202 213 212 207 212 212 211 207 205 211 212 215 217 221 223 221 225 224 219 219 219 212 215 213 212 208 212 210 214 214 205 203 204 204 202 211 208 211 215 216 215 207 213 210 206 205 201 199 206 204 203 200 201 198 196 190 189 188 187 191 188 193 194 190 199 189 184 185 190 201 204 210 215 215 215 217 219 220
209 205 204 203 207 206 204 205 201 200 202 201 204 211 206 205 205 208 211 214 215 218 224 225 226 226 223 220 219 214 216 210 213 212 214 215 218 211 205 205 206 205 198 209 214 215 216 216 215 213 213 207 205 201 195 201 206 206 200 192 187 199 191 188 192 190 194 187 192 192 189 184 187 185 186 183 192 204 212 213 213 214 215 216 219 220
211 210 209 206 211 206 203 204 204 202 209 210 206 209 211 210 208 209 210 213 215 218 225 225 227 226 225 223 219 218 217 213 215 214 216 219 214 214 209 207 207 201 199 207 214 218 218 217 215 212 210 205 203 196 195 203 205 206 197 184 178 196 195 178 192 192 187 189 191 188 185 182 177 185 188 194 201 207 210 215 215 215 217 216 218 220
214 220 221 213 210 201 203 203 204 207 212 214 209 209 215 213 210 211 211 214 215 218 222 225 227 227 223 217 215 220 210 209 213 212 216 216 215 217 213 208 207 204 203 213 216 215 218 217 213 205 205 204 201 196 199 206 199 202 201 180 177 193 190 174 189 184 186 190 184 181 184 181 180 180 191 198 200 204 210 213 216 218 219 219 217 219
223 223 224 222 214 204 200 203 203 207 210 214 213 207 211 216 214 214 216 215 218 219 223 227 228 226 220 215 217 219 205 210 214 213 214 212 214 216 213 209 206 207 203 210 213 215 217 213 210 203 203 203 199 197 203 204 194 192 201 179 181 194 178 171 187 184 186 185 180 180 181 189 201 196 200 190 199 205 207 212 214 214 215 218 219 221
224 226 224 222 222 218 202 200 202 206 209 215 217 211 209 216 218 219 219 216 214 214 220 224 228 227 222 217 218 216 213 207 213 213 213 209 210 209 206 207 205 207 206 204 211 213 211 204 209 204 202 201 202 202 207 199 193 188 196 187 196 187 170 170 179 181 182 174 175 177 190 197 203 204 203 201 199 199 205 214 215 215 215 217 219 220
222 223 223 221 219 215 203 202 203 204 209 214 216 217 211 216 219 221 221 220 217 215 217 220 227 228 223 218 224 215 217 212 214 213 211 208 209 205 204 204 206 203 203 204 208 208 202 205 209 203 197 204 202 202 205 196 192 192 200 199 199 190 172 164 167 170 167 179 180 181 187 196 189 208 204 208 204 210 211 213 213 216 217 217 220 220
222 222 224 224 221 211 206 207 203 203 205 211 213 215 218 219 222 221 222 220 220 223 223 223 225 229 226 222 225 218 219 217 211 208 210 206 205 205 203 202 200 198 198 203 205 206 207 201 204 200 201 205 202 207 205 195 190 194 197 194 196 188 168 167 168 165 174 177 175 177 183 194 200 209 210 211 206 207 204 198 202 217 218 218 219 220
225 224 223 222 221 216 212 208 203 203 204 207 209 212 216 218 221 222 221 222 220 220 220 225 228 229 228 227 225 223 219 210 198 193 202 197 190 194 193 194 193 194 196 196 194 199 207 198 196 199 200 201 202 207 206 201 194 194 195 193 195 191 172 171 165 174 177 171 168 169 172 175 188 210 212 213 206 200 204 205 213 218 218 218 220 220
223 221 220 218 214 212 210 207 204 203 204 209 212 211 214 219 220 220 222 221 218 218 223 226 226 227 226 223 218 216 211 202 197 194 193 194 195 188 182 183 183 188 192 194 189 199 204 200 196 200 198 196 202 206 206 203 201 196 193 192 194 191 179 167 166 177 177 173 168 169 170 175 192 206 213 215 211 208 210 207 215 218 218 218 219 219
223 221 218 214 213 210 214 211 208 207 208 211 213 215 215 214 218 221 219 221 222 220 222 224 222 221 223 222 218 213 208 204 198 194 192 190 188 189 183 179 180 181 186 191 190 194 200 198 192 195 192 196 203 206 206 204 201 198 193 191 191 193 188 166 174 180 179 173 169 172 174 190 208 213 214 218 217 212 209 197 201 214 217 217 218 220
224 222 219 214 214 210 210 213 212 211 212 216 215 215 214 215 218 218 219 220 220 221 222 220 221 220 220 219 217 211 206 203 200 198 195 192 188 185 187 183 181 185 187 189 187 189 188 194 187 189 188 194 202 204 203 203 199 197 193 188 192 193 187 175 164 177 177 175 178 190 187 197 212 214 210 214 217 209 217 211 203 217 218 218 218 219
223 222 215 213 215 212 209 209 214 215 214 218 216 214 208 210 213 216 218 218 219 219 218 219 219 217 215 214 213 212 209 205 201 198 197 194 190 184 183 181 181 179 182 185 186 188 186 187 182 179 185 192 199 200 201 203 199 197 195 191 192 195 188 182 161 175 183 183 181 185 195 212 213 206 203 208 196 204 216 219 204 219 214 214 218 220
221 221 215 211 215 212 212 213 212 214 218 219 216 215 212 207 213 213 214 215 216 215 212 214 215 215 214 211 209 210 209 207 205 201 198 195 195 191 183 181 180 174 174 178 180 184 185 181 175 178 186 195 196 198 198 199 199 193 195 194 191 193 192 184 162 168 181 178 168 168 198 212 199 199 199 191 194 199 217 222 209 217 219 214 221 221
