layers/bio10_SA.asc
ncols        300
nrows        420
xllcorner    -83.000000000000
yllcorner    -57.000000000000
cellsize     0.166666666667
NODATA_value  -9999
[rows 152 to 189 of 420, columns 86 to 171 of 300]
265 266 266 266 267 268 269 270 270 271 271 272 272 272 272 273 273 273 274 274 274 274 273 271 270 268 266 266 265 263 262 260 259 257 255 253 251 248 246 246 244 234 232 234 232 236 234 232 229 227 223 220 222 226 232 237 240 240 244 245 249 252 251 254 257 258 261 262 261 264 266 265 266 265 262 262 260 260 259 257 257 257 256 256 257 256
265 265 266 267 267 268 270 270 270 271 271 272 272 272 273 273 273 274 274 274 275 275 274 272 271 269 268 266 265 263 262 261 260 258 256 253 252 249 248 247 245 240 237 234 233 235 233 229 224 220 218 215 220 229 234 236 238 237 244 244 250 253 250 251 255 258 260 262 261 263 266 265 264 264 261 262 260 260 258 256 256 255 256 257 256 255
265 265 266 267 268 268 269 270 270 271 271 271 271 272 272 272 273 273 273 274 275 275 274 273 271 269 268 266 265 263 262 260 259 258 257 255 253 250 249 248 247 245 243 240 235 234 233 231 228 220 216 215 225 230 230 234 235 239 244 242 248 252 251 249 254 257 260 262 261 262 265 265 264 261 261 261 259 260 258 256 255 255 256 256 255 255
265 265 266 267 268 269 269 270 270 271 271 271 271 271 272 272 273 272 273 274 275 275 276 273 271 269 268 266 265 263 261 259 259 258 257 256 254 252 251 250 248 246 245 243 240 238 233 230 222 227 224 218 220 223 228 231 236 239 243 243 243 250 253 250 253 256 259 261 263 262 263 266 263 261 260 259 259 259 257 255 254 254 255 256 254 254
265 265 266 267 268 269 269 270 271 270 270 270 271 271 271 271 272 271 273 274 274 276 277 274 270 269 268 267 265 263 260 259 260 259 257 256 255 253 252 251 250 248 246 245 243 241 237 230 227 232 233 222 221 224 228 232 236 237 241 241 244 247 250 250 252 254 258 261 262 261 263 265 264 263 261 259 258 258 256 254 253 254 254 255 253 254
264 265 265 267 268 268 269 270 270 270 270 270 270 270 271 271 271 271 272 273 274 275 275 272 270 269 268 267 265 264 262 262 261 260 258 255 252 253 252 251 250 249 247 246 245 243 241 239 232 236 235 230 224 223 229 235 235 238 239 239 244 245 249 249 251 253 258 260 261 262 263 263 264 261 261 258 257 256 257 253 252 252 252 252 252 252
263 264 265 266 267 268 269 270 270 270 271 270 270 270 270 270 270 270 271 272 272 273 272 271 270 269 268 267 266 265 263 262 262 260 259 256 253 254 253 251 251 250 248 247 246 245 243 242 238 240 236 231 224 222 227 233 232 236 236 238 242 245 247 248 249 252 255 257 261 261 261 263 264 261 259 257 256 255 255 256 252 250 250 249 251 249
255 262 264 264 266 268 270 270 270 271 271 271 270 269 269 269 268 269 269 270 270 271 271 271 270 269 267 267 266 265 264 263 262 261 260 257 254 253 251 245 251 251 249 248 245 246 244 244 243 243 241 232 228 224 227 234 232 235 236 238 240 245 245 247 247 251 253 255 259 260 260 262 263 262 260 256 255 253 253 252 252 250 248 248 249 246
253 252 259 264 265 267 269 270 271 271 270 270 270 269 269 268 268 267 267 268 269 270 270 270 270 269 268 267 266 265 264 263 262 261 260 259 255 253 253 251 251 251 251 248 244 245 232 235 245 245 244 239 232 227 228 233 231 234 236 238 241 243 243 245 247 251 250 253 255 255 259 261 260 261 259 256 253 252 251 249 250 252 247 246 247 244
230 247 246 253 264 267 269 270 271 271 270 270 270 269 269 268 267 267 267 267 268 269 269 269 270 269 268 267 266 266 264 263 263 262 261 259 257 255 255 253 252 252 252 249 246 246 232 228 240 246 246 244 240 233 231 232 231 234 236 238 240 241 242 245 245 249 250 250 251 254 257 259 258 261 259 254 252 250 248 247 247 250 250 244 246 244
204 228 244 248 256 265 269 271 272 271 271 270 270 269 268 268 267 267 267 267 268 269 269 270 269 269 268 268 267 266 264 263 262 262 261 260 258 258 256 254 251 251 251 252 250 249 236 228 232 243 249 248 247 246 238 232 231 235 235 237 240 241 241 244 246 247 247 248 251 253 257 260 256 258 260 257 252 251 249 245 245 248 249 247 244 243
229 221 226 245 251 258 267 270 272 272 271 270 269 268 268 267 266 267 267 267 268 269 269 270 270 269 269 268 268 267 265 264 262 263 262 261 259 258 257 254 251 250 252 252 251 250 243 227 234 242 250 249 249 250 238 230 231 236 233 237 237 239 241 243 245 245 249 255 259 258 261 261 257 256 257 254 251 249 248 246 246 246 247 247 244 245
223 199 199 224 256 255 260 267 270 271 270 269 269 268 267 267 266 266 267 268 268 269 270 270 270 270 269 269 268 268 267 265 263 263 262 261 260 259 258 256 254 252 252 252 253 252 250 227 233 240 244 251 251 251 246 231 233 236 234 235 237 238 242 243 246 256 261 262 262 260 262 261 260 259 253 251 251 252 256 252 250 248 248 247 246 245
204 204 194 225 247 260 261 257 266 269 269 269 268 267 266 266 266 266 267 267 269 270 270 271 271 270 269 269 269 268 267 267 265 263 263 262 261 260 257 257 256 253 251 251 253 252 251 235 228 234 243 252 249 244 253 240 232 235 234 234 239 241 245 251 259 263 261 259 257 260 266 267 263 254 254 260 258 256 251 249 245 247 246 245 244 241
206 210 195 210 234 254 261 261 259 267 269 268 267 266 266 266 266 266 266 267 269 270 272 272 271 271 270 269 269 268 268 267 264 264 262 262 262 259 258 257 256 254 252 252 254 255 254 252 241 227 241 254 254 242 247 252 238 235 239 239 244 244 248 253 262 266 261 262 266 267 267 263 256 258 261 261 259 257 255 254 252 250 247 242 236 231
212 214 215 210 244 245 255 263 259 267 269 267 266 266 266 266 266 266 266 267 269 269 271 272 271 271 270 270 270 269 268 267 264 264 262 263 262 260 258 258 256 255 252 251 254 255 254 254 254 250 242 240 255 254 249 254 251 239 242 244 247 246 248 251 264 267 266 267 267 267 266 260 258 261 258 256 256 257 255 249 246 246 245 236 229 229
201 225 231 212 227 254 240 254 258 261 267 266 266 266 267 267 266 267 267 268 268 269 270 271 271 271 270 270 270 270 269 269 267 264 261 263 262 260 258 258 256 256 254 252 253 256 255 254 255 254 253 249 256 257 255 255 255 251 246 249 249 252 250 255 266 267 266 267 268 267 264 259 260 259 253 247 254 255 256 252 245 233 229 229 230 233
175 221 236 227 218 246 255 244 249 252 265 264 265 266 267 267 267 268 268 268 269 269 270 271 271 271 271 270 270 270 270 270 269 266 263 262 261 261 259 257 256 256 254 252 253 255 256 255 256 256 254 256 257 257 257 257 256 256 251 255 255 258 258 264 267 269 268 268 268 265 257 251 259 260 260 258 252 250 254 249 243 235 234 234 233 232
176 197 226 243 240 243 257 251 244 241 257 265 263 266 266 268 268 268 268 269 269 270 270 270 271 271 271 271 271 271 271 270 270 268 266 262 259 258 259 256 254 254 254 253 252 255 257 255 255 255 256 257 258 259 259 258 255 253 256 260 263 263 266 267 270 270 270 270 269 260 255 257 260 262 264 264 260 242 246 243 238 236 236 235 235 234
114 160 206 230 242 241 230 251 253 236 235 257 264 262 266 268 268 269 269 270 270 270 270 270 270 270 271 271 271 271 271 271 272 271 268 263 260 257 257 255 252 250 251 252 251 254 256 253 254 256 257 258 259 259 254 251 257 255 260 264 266 268 267 268 270 272 272 271 266 254 256 261 261 264 267 270 269 267 254 238 235 240 243 241 237 236
78 110 136 216 227 236 232 222 235 248 236 239 258 264 264 268 269 269 270 270 270 270 271 270 270 270 270 270 271 271 271 271 272 271 268 262 255 253 255 253 253 251 250 250 251 255 255 254 256 257 258 258 259 259 257 241 254 258 262 264 268 269 269 268 273 275 274 271 256 257 266 259 264 265 269 272 272 269 258 240 234 244 252 243 239 244
58 30 93 182 212 217 228 213 228 222 240 235 246 262 265 269 270 270 270 270 271 271 271 270 270 271 271 270 270 270 271 271 271 269 266 262 256 256 253 251 252 251 249 250 252 253 253 254 256 258 258 259 259 259 258 238 246 259 262 266 268 271 271 272 275 276 274 266 261 271 269 267 270 270 271 273 273 270 263 246 236 247 256 251 243 243
85 47 50 133 190 208 205 204 211 224 230 231 228 249 264 269 270 270 270 271 271 271 271 271 271 270 270 270 270 270 270 270 269 268 263 254 253 253 249 249 250 251 249 248 250 251 252 252 256 257 257 258 259 260 253 241 255 266 267 269 269 272 273 275 277 278 271 262 274 275 273 272 272 273 273 274 273 272 268 260 241 247 258 255 250 248
96 81 49 65 144 192 196 194 203 209 214 221 226 228 247 265 270 271 271 271 271 271 271 271 270 269 270 270 269 269 269 269 269 267 262 254 250 251 247 246 249 249 248 248 249 250 251 253 255 255 256 256 258 260 260 261 266 270 271 272 271 274 271 274 277 277 268 269 276 277 276 273 274 274 274 274 273 271 269 247 242 248 259 256 254 255
100 99 79 67 64 153 195 192 197 173 181 210 217 215 226 253 266 270 272 272 271 271 270 270 269 269 269 269 269 269 269 268 268 267 266 262 256 256 250 242 246 248 249 248 248 248 248 250 252 252 255 258 261 262 265 266 268 271 273 274 275 275 273 276 278 275 267 274 277 277 277 276 276 275 274 275 274 273 271 268 252 256 262 258 259 258
94 101 98 117 92 80 156 192 195 165 132 190 185 203 206 224 252 269 271 271 271 271 271 270 270 269 268 268 268 268 268 267 267 266 265 265 264 257 252 246 249 251 249 247 247 248 247 247 249 255 259 261 263 265 267 269 270 270 274 275 276 276 276 277 278 275 275 278 278 277 277 276 276 276 275 274 274 272 271 269 265 265 254 255 259 260
77 94 100 100 137 146 145 118 169 163 129 177 120 144 203 199 227 257 271 272 271 271 271 271 270 269 268 267 267 267 268 267 266 265 264 263 263 262 256 254 255 252 249 250 250 249 248 250 251 256 258 261 263 265 267 269 272 273 273 275 276 277 277 278 278 278 278 279 278 278 277 277 277 276 275 274 274 273 271 270 269 268 256 252 254 260
92 86 93 94 119 165 120 44 116 165 165 154 77 88 154 161 213 237 258 269 271 271 271 271 270 269 268 266 266 266 267 267 266 265 264 263 262 262 262 259 255 254 253 252 251 252 255 254 256 258 257 261 264 267 269 271 273 274 275 276 277 277 278 278 279 279 279 279 279 278 278 277 276 276 276 275 274 273 272 270 270 269 261 253 255 258
98 80 80 104 101 116 132 77 70 142 162 167 113 80 79 141 191 224 235 258 263 267 270 271 270 269 268 267 265 265 265 266 266 265 263 262 262 262 262 262 261 258 256 255 257 258 258 259 259 258 259 259 263 266 264 271 273 274 275 276 277 278 278 279 278 279 279 279 279 278 278 277 277 277 276 275 275 274 272 272 271 270 263 254 251 252
107 97 78 102 112 77 94 89 73 82 143 141 128 79 103 95 138 146 173 229 236 246 258 261 266 268 268 266 264 264 265 266 265 264 262 262 262 262 263 263 262 262 262 260 260 261 261 260 261 259 260 259 262 265 268 271 269 274 276 277 277 278 279 279 278 280 280 279 279 278 278 278 277 277 276 276 275 274 273 273 272 271 261 254 252 250
109 108 106 110 112 99 100 89 81 81 103 113 113 148 195 175 136 134 124 151 203 226 229 238 245 252 258 264 262 263 264 265 265 263 263 263 263 263 263 263 263 263 263 264 264 264 263 264 263 262 262 261 260 260 265 269 268 274 276 277 277 278 279 279 279 279 279 279 278 278 278 278 277 277 277 276 276 275 274 274 272 271 261 255 253 250
101 107 107 106 108 106 106 100 98 89 79 94 137 176 196 176 186 163 132 153 155 160 170 179 221 219 229 245 254 259 262 261 263 265 265 265 265 265 264 264 264 264 264 263 265 265 266 267 267 265 263 263 266 265 269 269 266 272 276 276 276 278 277 277 279 279 279 279 279 279 278 278 277 277 277 276 276 275 274 274 272 270 265 257 252 253
92 102 99 95 105 110 112 113 111 109 89 91 110 147 189 172 170 148 140 174 184 169 172 173 191 185 199 222 233 239 251 259 260 264 267 267 267 266 265 265 265 265 266 266 266 265 266 268 268 266 264 266 269 265 264 265 264 267 273 275 276 277 276 276 276 278 279 279 279 279 279 278 278 277 277 276 275 275 274 274 274 274 269 259 261 258
86 87 91 92 93 107 115 116 113 111 97 90 107 128 149 181 196 176 174 198 206 197 195 187 188 186 198 212 211 230 232 253 259 265 268 268 268 267 267 266 267 266 266 267 267 267 264 262 263 262 262 265 268 272 264 255 254 253 261 271 271 275 276 274 274 277 271 279 279 278 278 278 278 277 277 277 276 275 275 274 274 274 271 265 269 268
89 63 79 97 101 84 111 116 115 114 88 81 109 124 129 161 164 203 198 200 204 208 208 208 209 204 206 212 202 216 229 253 256 266 269 269 268 268 267 267 267 268 268 268 269 269 267 263 260 259 256 259 264 273 273 271 268 264 262 268 269 271 269 274 272 271 275 278 278 278 279 278 278 277 277 276 276 275 275 274 274 274 274 265 268 267
80 79 98 104 105 102 110 117 117 118 104 84 110 140 116 158 181 189 204 191 195 195 205 196 190 204 185 202 206 211 228 248 258 265 268 269 269 269 269 269 269 269 269 269 270 269 270 267 264 262 263 260 269 260 266 275 275 273 263 263 267 266 268 272 270 269 276 278 279 279 278 278 277 277 277 276 276 276 275 274 274 274 272 264 269 267
101 105 108 108 108 110 115 118 120 121 102 84 110 127 133 144 176 194 205 205 205 197 208 196 188 199 188 193 183 207 221 251 259 266 268 269 269 270 270 270 270 270 270 271 271 271 270 269 266 264 267 263 270 274 269 269 271 276 273 268 267 266 265 266 268 271 277 278 279 278 278 278 277 277 277 277 276 276 276 274 274 274 272 270 271 266
102 106 109 110 112 113 115 119 122 124 117 94 102 124 147 135 144 177 191 186 212 210 206 215 212 213 215 177 182 216 234 258 263 268 269 270 271 271 271 271 272 271 271 272 271 270 271 269 268 268 269 267 268 274 275 276 274 274 274 275 274 275 275 274 275 273 277 278 278 278 278 278 278 277 277 277 276 276 276 275 274 273 265 270 270 267
