layers/bio1_SA.asc
ncols        300
nrows        420
xllcorner    -83.000000000000
yllcorner    -57.000000000000
cellsize     0.166666666667
NODATA_value  -9999
[rows 234 to 272 of 420, columns 86 to 171 of 300]
27 26 36 62 77 49 74 91 53 29 21 30 45 74 61 96 160 126 150 182 188 182 154 185 200 204 208 211 213 215 216 217 218 218 219 220 221 222 222 223 223 223 223 222 222 221 220 220 220 219 219 218 218 218 218 218 218 218 218 218 219 221 223 224 224 224 224 222 218 219 216 214 216 214 213 213 213 209 205 205 205 204 202 203 203 200
35 22 9 74 77 61 90 102 74 40 44 48 36 46 53 86 155 121 152 183 193 169 167 192 200 205 209 211 213 215 216 216 217 218 219 220 220 221 222 223 223 223 222 222 221 220 220 219 219 218 218 217 217 217 217 217 217 217 217 217 218 221 223 224 223 224 224 223 219 220 219 217 216 213 212 213 212 213 210 205 200 199 200 202 202 199
16 5 27 64 38 63 101 110 82 25 65 70 61 44 84 107 154 105 148 178 194 168 171 192 201 205 209 211 212 214 215 216 217 217 218 219 220 220 221 222 222 222 222 221 220 220 219 218 217 217 216 216 216 216 216 216 216 216 217 217 219 221 223 223 223 223 223 223 222 221 220 219 217 215 215 212 214 212 204 202 203 201 201 201 201 198
4 9 40 42 25 65 94 103 78 21 95 86 56 84 105 137 146 75 141 169 190 182 188 198 203 206 210 211 212 214 215 215 216 217 218 218 219 220 220 221 220 220 221 220 220 219 218 217 216 215 215 215 215 215 215 215 216 216 217 218 219 221 222 223 223 223 223 223 222 221 220 219 218 217 216 216 216 213 206 206 204 204 202 202 197 196
14 10 15 10 39 53 67 67 72 69 86 82 60 125 118 143 107 90 139 170 190 194 197 202 205 208 210 211 212 213 214 215 215 216 217 218 218 219 219 220 219 219 220 220 219 219 218 217 215 214 214 214 214 214 214 215 215 216 217 218 219 221 222 222 222 223 223 223 222 219 218 220 220 219 217 217 215 211 211 207 206 203 204 201 196 189
17 22 22 44 55 86 50 48 54 67 90 98 106 143 132 138 61 126 154 190 197 198 199 203 207 209 211 212 212 213 214 214 215 216 217 217 218 218 218 218 219 218 220 219 219 218 217 216 215 214 213 213 213 213 214 214 215 216 217 218 220 221 221 221 222 223 223 223 223 220 218 219 221 220 218 216 214 213 211 209 206 204 201 198 194 189
-24 -12 21 47 75 128 88 69 67 85 135 131 138 144 140 83 80 162 191 199 199 200 201 202 207 208 210 211 212 213 213 214 214 215 216 216 217 217 217 217 217 217 219 219 218 218 217 216 215 214 214 213 213 213 213 213 214 215 217 218 219 220 220 221 221 222 223 223 224 224 223 222 222 220 217 215 213 212 211 209 204 202 196 191 190 192
-27 11 36 53 76 148 143 111 69 123 161 149 130 127 97 57 162 191 199 200 201 201 201 202 206 206 210 211 211 212 213 213 214 214 215 215 216 216 216 216 216 217 218 218 218 218 217 217 215 214 214 213 212 212 212 212 212 214 216 219 220 219 219 220 221 222 223 224 224 225 226 225 222 218 216 214 212 209 210 207 202 197 197 198 197 196
17 15 47 61 99 149 159 107 59 142 165 149 146 131 110 129 173 196 200 200 201 202 202 204 205 206 209 210 211 211 212 213 213 214 214 215 215 215 216 216 215 217 217 217 218 217 217 217 216 215 214 213 212 211 211 211 211 212 216 219 219 219 218 219 220 222 223 224 225 225 227 226 221 216 215 212 211 210 208 207 203 199 200 202 202 204
35 20 33 64 96 148 157 96 119 165 168 171 175 186 176 167 165 191 199 200 201 202 202 202 203 205 207 208 210 211 211 212 213 213 213 214 214 214 214 214 215 216 217 217 217 217 217 217 216 214 213 212 211 211 210 210 210 210 212 215 217 217 218 219 220 221 222 223 223 224 224 223 219 216 214 211 209 209 206 203 202 201 204 205 206 204
9 25 59 88 100 147 153 130 159 181 184 186 192 193 192 159 161 180 195 200 200 201 199 198 202 204 206 207 209 210 211 211 212 213 213 213 213 214 213 214 213 214 216 216 216 216 216 216 215 214 213 212 211 210 209 209 209 210 211 213 215 216 217 217 219 220 221 221 222 222 221 220 218 215 213 211 208 207 205 205 205 207 207 203 204 203
19 29 50 91 111 147 161 158 168 184 187 189 193 194 194 147 167 173 191 198 199 199 195 194 199 203 206 207 208 209 210 211 211 212 212 212 213 213 213 213 213 213 215 215 215 215 214 214 213 212 211 210 210 209 209 208 209 210 211 211 213 214 215 216 217 218 219 219 220 220 219 218 216 214 213 210 208 208 207 208 209 208 208 204 202 200
44 43 56 69 75 134 171 166 162 184 189 192 194 195 192 132 157 176 189 197 196 197 194 196 200 204 206 207 208 209 209 210 211 212 212 212 212 213 213 213 213 213 213 213 213 213 213 212 212 211 210 210 209 208 208 208 209 209 210 210 211 212 213 214 215 216 217 217 218 217 217 216 214 213 212 209 209 209 210 210 209 209 207 206 203 199
61 68 99 85 88 133 168 176 176 185 191 193 195 195 189 120 147 180 179 183 191 196 195 198 203 205 207 208 208 208 209 210 210 211 211 211 211 212 212 212 211 212 212 212 211 211 211 211 210 209 209 208 208 207 207 207 208 209 209 209 210 210 211 212 213 214 215 215 215 215 215 214 213 212 210 209 208 209 208 208 209 207 207 207 206 203
84 114 112 121 100 126 166 175 178 172 185 194 195 195 183 104 155 196 172 178 193 199 198 200 204 207 208 208 208 208 208 209 209 210 210 210 210 210 210 210 210 210 210 210 210 210 209 209 209 208 207 207 206 206 207 207 207 208 207 208 209 208 210 210 211 212 213 213 213 213 212 212 211 210 209 208 208 208 208 207 207 208 207 204 203 202
111 134 135 144 83 120 158 172 168 137 172 192 195 193 154 146 188 201 170 188 200 202 201 202 205 208 208 208 207 207 208 208 208 209 209 209 209 208 208 208 208 208 208 208 208 208 207 207 207 206 206 205 205 205 205 206 207 207 207 207 206 207 208 208 209 210 210 211 211 210 210 210 209 208 208 207 207 206 205 206 205 205 206 205 203 200
116 132 146 152 79 112 138 174 127 93 171 187 192 183 169 198 204 196 175 193 203 205 204 204 207 208 208 208 207 207 206 207 207 207 207 207 207 207 206 206 206 206 206 206 206 206 206 205 205 205 204 203 203 204 204 205 206 205 205 205 205 205 206 206 206 207 207 208 208 208 208 208 207 207 206 205 204 204 204 203 203 203 202 201 200 198
76 124 158 145 60 53 138 178 110 94 169 176 190 198 206 207 207 202 174 197 205 206 205 205 208 209 208 207 206 205 205 205 205 205 205 205 205 205 204 204 204 204 204 204 204 204 204 204 203 203 202 202 202 202 203 205 206 205 204 204 204 204 203 203 203 205 205 206 206 206 206 206 205 205 204 203 202 201 200 199 198 197 198 196 195 194
85 136 162 143 55 52 147 181 130 145 157 175 202 206 208 208 208 208 183 198 206 207 206 208 209 208 207 205 202 199 201 203 203 203 203 203 203 203 202 202 202 202 202 203 203 202 202 202 202 201 201 200 200 200 202 203 204 203 203 203 203 202 201 201 201 203 204 205 205 205 205 204 204 203 201 200 199 197 196 196 194 191 190 191 190 190
133 134 163 153 117 115 169 186 156 161 162 200 205 206 207 208 208 209 194 204 208 208 207 208 209 208 207 200 195 192 193 199 202 202 201 201 201 200 200 200 200 200 201 201 201 201 201 201 201 200 199 199 199 199 200 202 202 202 202 202 201 200 199 198 199 201 202 203 203 203 203 203 202 200 199 198 196 195 194 193 193 190 187 190 189 191
154 143 166 163 154 130 167 187 181 146 186 204 206 207 208 208 207 209 205 207 209 209 208 207 209 208 205 196 187 184 187 196 200 200 199 199 199 199 198 198 198 198 199 199 199 199 200 200 199 199 199 198 198 199 199 200 200 200 201 201 199 198 198 198 199 200 201 202 202 202 202 202 201 199 198 196 194 193 191 189 190 187 186 191 192 188
159 163 169 168 160 137 136 187 189 160 196 205 207 208 208 207 202 207 209 209 209 209 209 206 208 207 200 188 179 178 186 194 198 198 197 197 197 196 196 196 196 196 197 197 198 198 198 198 198 198 198 198 198 198 199 199 199 199 199 199 198 197 197 197 199 200 201 201 201 201 201 200 199 198 195 193 191 190 189 190 190 191 192 194 193 194
131 171 168 168 161 149 125 159 190 169 198 205 207 208 208 207 202 207 210 210 209 209 208 206 206 204 192 179 172 175 186 193 196 195 195 195 195 194 194 193 194 194 195 196 196 197 197 197 198 197 198 197 198 198 198 198 198 198 198 198 197 197 196 197 198 199 200 200 201 201 199 198 197 196 194 191 189 187 186 186 189 191 192 193 194 193
131 170 176 162 158 154 136 148 183 191 200 204 206 207 208 208 203 207 210 210 209 209 208 207 203 198 181 168 171 180 187 191 194 193 193 193 193 192 192 191 192 192 193 194 195 196 196 196 197 196 197 197 197 197 197 197 197 197 197 196 196 196 196 196 197 198 198 199 200 199 197 196 195 194 192 189 187 187 186 185 187 189 191 191 191 191
156 171 179 170 158 158 158 169 174 195 201 203 204 206 206 208 206 209 210 209 208 208 207 206 202 190 167 164 171 181 187 190 192 191 191 191 191 191 190 190 190 191 191 192 193 194 195 195 195 196 196 197 197 197 197 196 196 196 196 195 195 195 195 196 196 197 198 198 198 198 198 197 195 193 190 187 188 187 187 186 186 188 190 190 190 190
162 172 180 180 154 158 168 176 183 191 197 202 199 201 203 205 208 209 209 208 207 206 204 202 196 183 161 163 173 181 185 189 190 189 189 189 189 189 189 188 188 189 190 191 192 193 194 195 195 195 196 196 197 197 196 196 196 195 195 195 195 194 194 195 195 196 197 197 197 197 196 195 196 193 190 187 187 186 186 185 184 187 189 188 189 190
165 172 181 183 175 143 173 178 182 189 196 199 194 180 199 203 206 208 208 207 204 201 198 192 182 170 157 164 173 179 184 188 188 188 188 187 187 187 188 187 187 188 189 190 191 192 193 193 194 194 196 196 197 197 197 196 195 194 194 194 193 193 194 195 194 195 195 195 195 195 194 194 193 194 191 187 185 186 185 184 185 187 188 188 188 189
169 175 181 182 181 145 171 180 185 189 193 194 185 169 193 201 204 206 207 204 200 196 192 182 165 150 153 161 171 177 182 186 186 186 186 186 186 186 186 185 186 186 188 189 190 191 192 193 193 194 195 196 196 196 196 195 194 193 193 192 192 192 192 193 194 193 192 192 193 193 192 190 189 190 191 188 184 184 183 184 186 187 187 188 187 186
168 172 180 182 183 161 151 173 187 190 190 188 169 180 189 199 203 205 206 200 193 189 183 177 157 135 146 157 168 176 181 184 184 184 184 184 184 184 184 184 184 185 186 188 189 190 191 192 192 193 194 195 195 196 195 194 193 192 191 191 191 191 191 192 192 193 192 190 190 190 190 189 186 186 187 185 183 181 182 184 186 186 186 187 186 184
164 170 178 181 183 182 151 143 186 192 189 181 159 175 192 198 202 204 205 193 179 182 169 162 151 128 143 155 167 175 179 181 181 181 182 182 182 182 182 182 183 184 185 187 188 190 191 191 191 193 193 193 194 193 193 192 191 190 190 190 190 190 190 191 191 191 191 191 190 189 187 186 185 184 182 181 181 178 181 184 185 185 185 185 183 180
160 171 176 170 144 177 169 125 182 193 190 178 164 177 193 197 202 203 203 181 169 174 150 142 145 138 148 160 168 174 177 178 178 179 180 180 180 180 180 180 181 182 184 185 187 189 190 190 191 191 192 192 192 191 191 190 189 189 188 189 189 188 189 189 190 189 189 189 189 188 187 186 185 184 182 179 177 181 182 182 183 184 184 184 184 180
154 172 177 149 89 165 177 150 186 194 193 187 179 185 192 198 202 203 202 176 160 165 135 121 150 155 164 168 171 174 175 176 176 177 177 178 178 178 178 179 180 181 182 185 187 189 190 190 190 190 190 190 189 189 188 188 187 187 187 187 187 187 188 187 188 187 186 186 187 187 187 185 183 181 177 176 180 182 181 182 182 181 182 182 182 181
166 175 174 129 109 177 182 178 189 195 194 191 189 188 193 199 202 202 200 180 160 155 122 121 157 166 173 173 173 173 174 174 175 175 175 176 177 176 176 177 178 179 181 184 186 188 189 188 188 188 188 187 186 186 186 185 185 185 185 185 185 186 186 186 185 185 185 184 184 184 184 183 181 179 176 178 179 181 181 181 181 179 179 180 181 182
171 174 169 138 151 180 183 184 188 194 194 193 194 190 189 199 201 200 199 193 160 156 117 111 150 168 172 173 174 173 173 173 173 174 174 175 175 175 175 176 176 178 181 182 184 186 187 186 186 186 185 184 184 184 184 184 183 184 183 183 184 184 184 185 184 184 184 184 182 181 180 181 179 177 178 179 178 180 180 180 177 177 178 180 180 181
166 175 176 171 171 179 183 184 185 189 193 194 195 191 187 198 199 198 196 194 180 161 131 113 154 170 173 173 173 173 172 172 172 172 173 173 174 174 175 175 176 177 180 181 182 184 184 185 184 183 184 183 182 183 183 182 182 181 181 182 182 183 184 184 183 182 182 182 182 180 178 177 178 175 175 178 179 179 180 178 177 178 176 177 179 179
169 176 177 178 176 179 182 184 181 184 190 194 194 189 190 195 195 195 193 191 186 171 116 136 156 163 168 170 171 171 171 171 171 171 172 172 172 173 174 174 175 176 178 180 180 182 183 183 181 180 181 182 181 181 181 181 181 181 180 181 181 183 184 183 183 181 181 181 180 179 178 177 176 175 174 176 178 179 179 179 179 178 178 177 178 177
173 177 177 178 179 180 182 183 182 178 185 192 192 188 188 190 190 190 190 187 183 171 112 148 162 162 167 168 169 169 170 170 170 170 170 171 171 172 173 173 174 175 177 178 179 180 181 182 181 180 179 180 180 181 180 180 180 180 180 181 182 182 183 184 183 182 182 182 181 181 179 178 177 176 176 176 176 178 179 179 178 177 177 177 177 176
175 177 177 177 179 180 181 182 182 177 180 188 189 183 182 184 184 179 178 175 176 168 114 148 164 165 166 167 168 169 169 169 169 169 169 169 170 171 172 173 173 173 175 176 177 178 179 180 181 179 179 179 181 181 180 179 180 180 180 180 181 182 183 183 181 181 181 181 181 180 180 179 178 177 175 177 178 178 177 178 178 177 177 176 175 174
176 176 176 176 177 179 180 181 182 176 176 183 185 179 177 177 158 154 160 167 172 166 120 142 159 161 161 166 168 169 169 169 169 169 168 168 168 170 171 173 172 172 173 174 175 176 177 178 180 180 180 180 180 181 179 179 179 180 179 180 181 182 184 183 181 179 179 179 179 179 177 177 178 177 176 176 177 178 178 177 177 177 176 175 174 173
