layers/bio10_SA.asc
ncols        300
nrows        420
xllcorner    -83.000000000000
yllcorner    -57.000000000000
cellsize     0.166666666667
NODATA_value  -9999
[rows 190 to 227 of 420, columns 86 to 171 of 300]
98 106 104 112 114 114 113 121 124 126 128 117 98 114 138 141 124 143 153 172 188 205 175 193 204 209 211 185 209 232 260 260 270 270 270 271 272 273 273 273 273 273 272 272 271 271 268 268 266 269 269 271 269 269 273 275 276 277 277 277 277 279 278 278 278 278 278 278 278 278 278 278 278 277 276 276 276 276 276 276 276 274 261 267 267 266
89 105 105 114 117 118 115 120 122 128 131 110 95 84 102 136 102 128 144 159 180 193 170 187 188 183 223 217 228 252 262 265 270 271 271 273 274 274 274 274 273 272 271 269 269 268 267 266 268 268 271 273 272 269 268 270 273 275 277 278 278 279 280 280 280 279 278 278 279 278 278 278 277 277 277 276 276 275 276 276 276 270 257 261 260 265
78 92 112 115 118 119 121 122 124 128 131 119 96 92 96 113 131 122 151 161 174 168 156 175 194 183 201 230 242 255 258 256 264 268 271 275 276 276 276 274 274 272 271 271 272 272 271 270 269 271 273 273 273 271 268 267 267 271 275 278 278 279 280 280 277 275 275 278 279 279 279 277 277 277 277 276 276 276 276 276 275 266 257 254 252 263
100 107 109 115 118 120 121 122 124 128 130 122 83 93 105 113 106 142 137 161 175 166 158 151 175 193 199 231 243 244 250 248 257 265 269 273 276 277 276 276 275 275 274 273 274 275 275 274 272 272 274 275 274 273 271 269 268 267 272 276 279 280 281 281 277 280 267 279 280 279 278 278 277 276 276 275 275 275 275 274 274 265 263 247 245 252
98 106 109 115 118 120 121 124 123 125 127 113 79 74 86 114 125 134 113 142 172 171 184 161 174 196 203 220 238 247 249 242 248 262 268 273 276 277 276 276 276 275 275 274 275 274 275 277 276 274 274 276 276 275 273 272 270 268 270 276 280 281 281 282 281 281 280 279 279 279 278 277 277 276 275 275 274 274 274 274 268 265 267 252 246 250
83 102 111 107 115 110 114 122 126 120 124 119 93 78 76 88 115 109 123 147 161 133 158 167 155 198 205 229 235 245 248 243 245 262 268 272 275 275 275 275 275 275 275 276 277 277 277 277 277 277 275 276 277 276 275 274 272 270 272 277 281 282 282 282 282 282 281 280 280 279 278 277 276 276 275 274 274 273 273 273 258 262 260 258 250 245
73 103 101 111 112 107 118 127 129 121 120 123 96 79 93 100 107 98 108 152 153 127 162 183 164 207 212 229 235 241 242 243 244 262 267 271 273 274 275 275 274 274 274 276 277 278 278 278 278 279 278 277 277 277 277 276 276 275 276 279 282 283 283 283 283 282 281 281 280 279 277 277 276 275 274 273 273 272 272 266 258 259 259 260 260 250
87 84 101 114 117 117 118 127 130 126 123 113 80 98 126 124 111 130 144 145 146 156 149 171 175 182 204 226 240 237 244 249 250 265 269 271 272 273 274 274 274 274 274 275 277 279 280 280 279 279 279 278 278 278 278 278 278 279 280 282 283 283 284 284 283 283 282 281 279 274 274 276 275 274 273 272 271 270 269 261 262 257 261 261 259 250
67 87 103 114 117 120 123 127 130 130 128 102 103 124 129 143 129 138 150 152 139 158 130 122 198 173 210 222 242 243 247 256 255 266 269 271 272 273 274 274 275 275 276 276 277 279 280 280 280 280 279 279 279 279 279 279 280 280 281 282 284 284 285 285 284 283 282 281 278 267 263 274 274 272 271 270 269 268 264 264 259 261 262 261 257 247
74 99 102 113 117 120 123 127 130 133 131 108 108 129 130 131 135 163 163 167 142 150 146 163 208 182 218 228 244 245 239 252 250 263 269 271 272 273 274 274 274 275 277 277 278 280 280 281 281 277 278 281 280 280 280 280 281 281 282 283 284 285 286 286 285 284 282 281 279 275 262 270 273 272 268 268 268 264 260 263 261 259 261 257 245 244
94 88 103 112 115 119 123 127 131 134 137 125 130 116 126 135 138 171 180 173 126 154 152 198 221 220 235 235 239 235 235 248 257 262 269 271 272 273 273 273 274 275 276 277 279 279 280 281 281 279 279 282 282 282 281 282 282 282 283 284 284 285 285 286 284 284 282 281 279 275 263 271 271 271 266 264 266 263 255 262 261 261 258 252 244 246
85 74 91 99 114 108 118 127 131 135 138 138 138 128 123 136 150 165 185 171 159 160 149 195 196 210 243 241 246 237 235 242 258 262 270 272 273 273 273 273 274 275 275 277 279 280 281 281 282 282 282 283 283 283 282 282 283 283 283 284 284 285 285 285 284 283 282 280 277 274 263 264 268 270 268 265 264 263 261 260 260 260 257 249 247 246
77 75 82 96 111 97 120 127 131 133 138 140 139 128 120 136 151 171 184 181 183 161 168 178 181 223 252 249 254 244 241 253 265 266 272 273 274 274 274 274 274 275 276 277 278 280 281 282 283 283 283 284 284 284 284 284 284 284 284 284 285 285 285 284 284 283 281 279 276 273 261 257 263 263 264 266 263 262 258 258 259 259 256 250 249 246
69 67 93 83 111 113 121 122 127 132 137 135 130 125 132 124 141 174 182 148 185 183 166 213 207 210 250 259 261 257 251 256 272 269 273 275 275 275 274 273 274 275 275 276 278 279 281 282 283 284 285 285 284 284 284 284 285 284 285 285 285 285 285 284 284 283 281 279 275 273 262 248 254 262 264 265 263 260 259 255 254 255 249 248 251 248
72 69 96 97 100 107 110 115 113 128 133 131 128 118 118 124 128 157 170 153 192 181 177 189 216 220 236 251 268 267 258 266 278 271 274 276 276 276 275 274 274 274 275 276 278 280 282 283 284 285 285 285 286 285 285 285 285 285 285 285 285 285 284 284 284 282 281 278 269 272 263 249 254 263 265 263 263 260 254 251 245 248 251 250 247 251
61 59 92 90 87 93 89 113 121 129 130 126 122 109 107 134 141 158 160 154 194 178 170 181 186 199 220 252 259 269 264 281 281 274 274 278 277 277 275 275 274 274 275 276 279 280 282 284 285 286 286 286 286 286 286 286 285 285 285 285 285 285 285 284 284 282 280 278 274 271 262 251 258 262 265 261 261 260 248 247 250 250 253 254 249 249
86 89 92 71 72 84 107 112 122 125 126 119 117 112 113 132 134 175 166 140 185 162 164 203 193 185 214 241 240 255 256 279 282 276 277 279 278 277 276 276 275 275 275 276 279 281 283 285 286 286 287 287 287 287 286 286 286 286 285 285 285 285 284 284 283 282 281 277 266 266 260 255 261 262 264 261 259 256 249 250 254 254 255 256 255 252
85 64 92 73 59 65 94 101 118 120 117 114 98 101 116 127 146 171 178 146 180 140 154 209 205 197 220 229 230 244 251 274 275 276 279 278 277 277 276 276 276 276 276 277 280 282 284 286 287 288 288 288 288 288 287 286 286 285 285 285 285 285 284 284 284 282 278 276 264 266 263 256 259 261 261 261 259 252 247 250 254 257 256 256 257 257
114 84 73 64 57 65 73 105 103 106 106 104 81 99 133 132 151 152 162 165 162 134 179 208 204 225 230 231 235 241 256 268 272 277 278 277 277 276 276 275 276 276 277 278 280 282 285 287 289 290 289 289 289 288 287 286 285 285 285 284 284 284 284 284 283 282 278 274 269 269 259 259 264 263 258 260 255 246 247 252 254 257 259 257 257 256
122 79 76 56 59 56 71 99 86 84 67 86 99 119 134 127 143 149 154 164 144 131 181 199 192 237 236 235 243 246 259 268 273 276 277 276 276 276 275 275 275 276 277 279 281 283 286 288 291 291 290 290 289 288 287 286 286 285 285 284 284 284 284 284 284 283 279 276 274 268 264 264 265 264 261 255 248 242 247 255 258 258 258 260 259 258
132 107 86 74 56 51 68 92 78 73 78 83 94 127 122 130 141 144 152 148 124 121 172 198 208 236 245 244 249 250 259 269 272 275 276 276 275 275 275 275 276 276 277 279 281 284 287 289 291 291 291 290 289 288 287 286 285 285 284 284 284 284 284 284 284 283 280 278 274 271 266 267 266 265 260 256 244 245 251 254 256 255 257 257 257 257
149 142 130 91 50 77 54 75 72 72 80 74 88 126 109 126 138 135 144 139 109 137 171 198 230 239 239 255 248 252 265 270 273 275 276 275 275 274 274 274 275 276 278 279 281 284 286 288 290 290 290 290 289 287 286 286 284 284 283 284 283 284 284 285 285 284 280 278 276 273 270 268 267 263 259 257 243 244 249 255 258 259 256 255 255 257
156 143 119 83 47 52 65 66 69 61 68 77 108 121 102 133 132 138 141 130 97 128 168 214 246 246 254 257 251 262 269 272 274 275 276 275 275 274 273 274 275 276 278 280 281 283 285 287 288 289 289 289 288 287 286 284 283 283 283 283 283 283 284 285 286 284 280 274 273 271 268 268 266 262 255 251 245 240 248 252 254 257 257 257 259 255
149 124 115 88 55 50 73 69 69 53 73 77 77 106 108 132 127 141 134 115 119 146 191 224 240 254 265 258 258 268 273 275 275 276 276 275 275 274 274 274 275 277 278 279 281 282 284 285 286 287 287 287 286 285 284 283 282 282 282 282 282 283 283 284 284 282 278 270 268 268 269 268 266 262 258 257 250 243 245 248 250 251 252 253 255 252
140 126 143 127 65 68 57 60 63 69 71 79 79 94 104 126 137 141 128 115 128 166 198 231 250 261 268 259 265 273 275 277 277 277 277 276 275 275 274 274 275 277 278 279 280 282 283 284 285 285 285 285 284 284 282 282 281 280 280 281 281 282 282 283 282 281 278 274 271 270 270 268 267 264 254 253 254 252 244 248 250 252 255 255 255 253
135 152 165 159 105 60 57 74 79 70 67 83 71 88 94 114 140 134 125 126 113 142 178 232 249 267 263 264 271 276 277 278 278 278 278 277 276 275 275 275 276 277 278 279 280 281 281 282 282 283 283 283 283 282 281 280 279 278 279 279 280 281 282 282 282 281 279 275 275 271 270 269 266 261 254 258 256 254 244 249 253 254 255 256 256 254
129 165 171 170 120 59 59 74 83 78 82 94 102 98 109 124 141 117 120 131 115 106 168 225 251 264 267 269 274 276 278 278 278 278 278 277 276 276 276 276 276 277 278 278 279 280 280 281 281 281 282 281 281 280 280 279 278 277 277 277 279 280 281 281 280 280 279 277 275 273 271 268 263 259 259 257 255 257 247 248 248 250 251 252 254 254
156 168 172 172 140 80 58 71 87 90 89 101 107 107 119 116 138 112 125 137 129 100 156 222 247 263 269 273 275 276 277 278 277 278 278 277 277 277 276 276 276 277 278 278 278 279 279 280 279 279 280 279 279 279 278 278 276 275 274 275 278 280 280 280 280 279 278 276 274 273 269 263 264 260 262 259 259 255 245 247 248 251 250 250 249 249
164 170 173 173 137 72 79 77 76 94 91 104 105 117 121 128 136 131 104 139 122 139 174 218 249 264 269 272 273 275 276 277 278 278 278 277 278 277 276 277 277 277 277 277 277 278 278 278 278 278 278 278 278 278 277 276 276 274 273 274 277 279 280 280 279 278 277 276 274 274 271 268 265 263 258 257 258 252 247 251 249 251 252 250 249 249
164 171 173 172 135 71 72 74 80 83 93 107 98 115 121 135 136 126 109 147 122 186 187 211 249 264 267 268 266 271 275 277 277 278 278 278 277 277 277 277 277 277 277 277 277 277 277 277 276 276 277 277 278 277 277 276 276 275 274 275 277 278 279 279 278 277 276 275 274 271 267 264 264 261 258 257 260 256 249 251 249 251 250 251 249 247
161 159 170 164 122 75 42 71 87 87 82 106 98 112 132 134 134 115 129 137 158 209 225 251 259 260 261 264 263 271 275 277 277 278 278 278 278 277 277 277 277 277 277 277 276 276 276 276 276 276 276 276 276 277 277 277 276 275 275 276 277 278 279 278 277 276 275 274 272 269 266 265 265 262 261 259 261 259 257 250 251 251 251 251 250 248
156 134 149 143 103 92 78 77 97 110 91 104 92 104 122 120 105 105 118 173 193 218 234 257 255 240 253 261 267 272 275 277 277 278 278 278 278 278 277 277 277 276 277 276 276 275 275 275 275 275 275 276 276 276 276 276 276 276 276 276 277 277 277 277 276 275 274 272 270 267 265 266 265 264 263 261 261 260 259 251 250 250 251 249 249 247
140 125 136 110 72 82 100 78 88 116 99 100 76 85 118 101 114 83 126 191 200 210 238 256 241 212 235 258 268 272 275 276 277 278 279 278 278 278 277 277 277 276 276 276 276 275 275 274 275 275 275 275 276 276 276 276 276 276 276 276 277 277 277 276 275 274 273 271 269 267 266 266 264 262 262 261 262 262 260 257 252 249 249 248 248 248
104 126 119 57 99 84 123 93 91 101 99 57 70 90 107 107 118 101 105 192 211 211 238 252 230 203 236 260 269 272 274 276 277 278 278 278 277 277 277 277 276 276 275 275 275 274 274 274 275 274 274 274 275 276 276 276 276 276 277 277 276 277 276 276 275 274 273 270 269 267 265 263 260 261 260 261 258 260 260 259 257 254 249 249 248 247
90 95 86 63 91 115 119 123 92 114 95 73 85 77 79 91 132 110 108 183 212 226 237 249 221 203 244 262 268 271 273 275 276 277 277 277 277 277 276 276 275 275 274 274 275 274 274 275 274 275 275 275 275 275 276 276 276 276 277 277 277 276 276 275 275 274 272 271 269 267 265 263 260 259 258 260 259 259 259 259 258 252 249 248 246 248
74 62 85 73 110 116 125 121 98 114 95 107 104 68 90 87 126 132 153 196 215 236 245 235 209 233 254 263 267 271 273 275 275 276 276 277 276 276 276 275 275 274 274 273 274 274 273 274 274 274 274 274 275 275 275 275 276 277 277 278 277 276 276 275 275 274 273 272 270 268 267 264 262 257 258 257 259 260 257 256 255 251 252 251 249 250
48 72 88 84 122 125 125 114 97 106 110 105 98 56 115 116 135 149 187 208 213 236 228 203 232 247 258 264 268 270 273 274 274 275 275 275 275 276 275 275 274 274 273 273 274 273 273 274 273 274 274 274 275 275 275 275 276 277 278 277 277 276 275 274 275 275 274 273 271 270 268 266 264 260 256 256 258 257 257 257 256 250 251 252 251 250
72 68 86 92 114 124 125 114 96 103 83 102 75 58 117 158 115 164 206 212 209 228 227 210 234 250 261 266 269 270 272 273 274 274 274 275 275 275 275 274 273 273 273 273 273 273 273 273 273 273 273 274 274 274 275 276 276 277 277 278 276 275 273 274 275 276 276 275 272 270 268 267 265 264 258 253 254 256 256 257 256 254 251 251 251 249
