layers/bio17_SA.asc
ncols        300
nrows        420
xllcorner    -83.000000000000
yllcorner    -57.000000000000
cellsize     0.166666666667
NODATA_value  -9999
[rows 280 to 319 of 420, columns 90 to 179 of 300]
21 23 23 24 24 24 24 24 26 27 29 31 33 36 37 40 41 42 44 45 46 48 48 48 49 49 49 50 52 54 58 62 66 71 75 79 84 89 93 98 104 109 113 118 124 128 133 140 150 161 168 172 174 175 168 166 165 168 172 186 203 220 235 247 259 270 281 291 299 304 304 300 298 295 293 291 289 285 281 278 275 273 274 274 277 278 274 271 269 -9999
22 23 23 23 24 24 23 25 25 26 29 30 33 35 37 39 41 42 43 45 46 47 49 49 49 49 50 51 51 54 58 61 66 71 76 81 86 90 95 99 104 109 113 120 126 130 137 144 153 163 169 171 174 172 167 166 169 174 181 193 207 222 235 247 259 271 280 289 297 299 300 297 295 292 292 292 289 284 280 276 272 270 270 270 273 273 273 272 -9999 -9999
24 24 24 24 23 23 24 24 25 28 28 30 33 35 36 39 40 42 42 45 46 48 48 49 49 49 50 49 49 53 57 62 67 72 77 81 86 90 95 99 104 109 114 120 125 131 137 146 154 164 169 172 175 171 168 168 172 176 187 199 212 224 234 245 255 267 278 287 291 291 291 291 289 288 287 287 288 285 279 271 268 265 265 265 267 265 266 -9999 -9999 -9999
24 23 23 23 23 23 24 24 25 27 28 30 33 34 35 37 39 41 42 45 46 48 48 50 50 50 50 48 49 54 59 63 68 73 78 83 87 92 96 100 105 109 113 118 124 130 136 145 155 165 167 171 175 179 176 174 175 178 185 203 213 224 234 241 250 259 272 283 282 278 278 282 282 281 281 283 284 281 274 266 265 260 259 258 257 259 -9999 -9999 -9999 -9999
25 25 23 23 23 23 24 24 24 27 28 30 32 33 35 37 38 41 42 45 46 48 50 51 50 51 51 52 53 57 61 65 70 75 80 85 89 93 97 102 106 109 112 117 122 129 136 144 154 164 167 170 174 180 186 191 185 176 -9999 -9999 216 223 227 233 241 249 256 261 259 258 262 270 273 273 274 275 278 274 267 262 256 249 247 247 250 252 -9999 -9999 -9999 -9999
26 25 24 23 23 23 23 24 24 27 28 29 32 33 35 36 38 40 42 45 47 49 51 52 52 53 53 54 56 59 63 68 72 77 81 87 91 95 99 102 107 110 110 115 121 126 133 140 151 163 164 166 172 178 187 194 192 181 177 -9999 -9999 -9999 -9999 -9999 -9999 240 239 238 235 236 242 256 262 262 262 262 264 259 251 247 243 240 238 241 244 -9999 -9999 -9999 -9999 -9999
27 26 24 24 23 23 24 24 24 27 29 31 32 34 35 36 37 39 42 45 48 50 52 53 54 54 55 57 60 63 67 71 75 80 84 89 93 98 102 105 108 111 113 116 120 126 130 136 147 161 166 166 170 177 181 183 182 177 174 172 168 -9999 -9999 -9999 -9999 -9999 227 224 219 215 222 246 251 249 248 247 245 241 236 234 234 234 235 236 -9999 -9999 -9999 -9999 -9999 -9999
28 26 25 25 24 24 24 25 25 27 30 32 34 35 36 36 38 41 43 46 48 51 54 55 55 56 57 58 62 66 69 73 77 81 87 92 95 101 105 108 111 113 116 120 122 126 130 133 142 158 164 166 170 174 177 178 178 174 173 172 172 180 186 -9999 -9999 -9999 -9999 -9999 -9999 204 216 232 237 -9999 -9999 -9999 233 230 224 226 227 -9999 -9999 -9999 -9999 -9999 -9999 -9999 -9999 -9999
28 27 25 25 24 25 26 26 26 29 31 32 35 37 38 39 39 41 43 47 49 52 54 55 55 57 58 61 63 67 71 75 80 84 89 95 99 103 107 112 114 118 121 122 125 127 131 134 142 154 163 166 169 173 175 176 177 174 173 175 178 182 186 190 -9999 -9999 -9999 -9999 -9999 -9999 -9999 -9999 -9999 -9999 -9999 -9999 -9999 -9999 -9999 -9999 -9999 -9999 -9999 -9999 -9999 -9999 -9999 -9999 -9999 -9999
29 27 26 26 26 26 26 28 29 30 33 34 36 38 38 39 42 43 46 47 50 52 54 55 56 57 60 62 66 69 73 77 81 86 92 97 102 107 111 113 117 121 124 127 128 130 132 137 144 152 161 166 167 171 172 175 177 175 175 176 179 181 185 188 188 -9999 -9999 -9999 -9999 -9999 -9999 -9999 -9999 -9999 -9999 -9999 -9999 -9999 -9999 -9999 -9999 -9999 -9999 -9999 -9999 -9999 -9999 -9999 -9999 -9999
30 28 27 27 26 28 28 29 30 32 34 35 38 39 40 41 42 44 46 48 50 53 54 56 57 58 61 63 65 70 74 78 82 87 94 98 105 109 113 116 121 124 128 130 130 132 135 138 144 150 158 163 167 169 171 174 175 175 175 176 179 180 182 185 186 186 -9999 -9999 -9999 -9999 -9999 -9999 -9999 -9999 -9999 -9999 -9999 -9999 -9999 -9999 -9999 -9999 -9999 -9999 -9999 -9999 -9999 -9999 -9999 -9999
30 29 29 29 29 29 31 31 32 34 35 37 39 39 40 42 44 45 47 49 51 54 55 57 58 59 60 64 67 70 74 79 83 88 95 101 106 111 114 118 121 125 129 131 132 133 135 139 144 149 155 159 164 168 170 171 174 175 176 178 180 180 181 182 182 185 -9999 -9999 -9999 -9999 -9999 -9999 -9999 -9999 -9999 -9999 -9999 -9999 -9999 -9999 -9999 -9999 -9999 -9999 -9999 -9999 -9999 -9999 -9999 -9999
30 30 29 30 30 31 31 33 35 36 37 38 39 40 42 43 45 47 49 51 52 54 56 59 59 60 62 66 69 72 75 79 83 88 94 101 108 111 115 117 121 124 127 130 133 133 135 139 142 147 151 156 160 164 166 169 172 174 175 179 180 179 178 177 180 -9999 -9999 -9999 -9999 -9999 -9999 -9999 -9999 -9999 -9999 -9999 -9999 -9999 -9999 -9999 -9999 -9999 -9999 -9999 -9999 -9999 -9999 -9999 -9999 -9999
30 30 30 31 32 34 34 35 36 37 38 39 40 42 43 44 46 47 49 51 53 55 57 60 62 64 67 70 72 74 77 79 82 87 93 98 104 108 112 116 120 123 127 129 130 133 135 138 140 144 148 151 156 160 163 167 170 173 176 178 180 179 174 171 -9999 -9999 -9999 -9999 -9999 -9999 -9999 -9999 -9999 -9999 -9999 -9999 -9999 -9999 -9999 -9999 -9999 -9999 -9999 -9999 -9999 -9999 -9999 -9999 -9999 -9999
31 30 32 32 33 36 36 37 38 39 39 40 42 42 43 46 47 48 49 51 54 56 59 62 64 67 71 73 74 76 77 79 82 87 91 95 100 106 111 114 118 122 125 128 130 133 134 136 139 141 145 148 151 154 160 162 166 170 175 178 181 179 169 158 152 -9999 -9999 -9999 -9999 -9999 -9999 -9999 -9999 -9999 -9999 -9999 -9999 -9999 -9999 -9999 -9999 -9999 -9999 -9999 -9999 -9999 -9999 -9999 -9999 -9999
31 31 32 33 35 37 39 40 39 41 41 41 43 44 44 46 47 48 49 52 54 56 60 62 66 70 74 74 76 77 78 80 83 87 90 94 98 103 108 114 117 120 124 126 129 130 132 135 137 140 142 145 148 152 155 159 163 168 172 176 182 183 161 137 135 156 -9999 199 -9999 -9999 -9999 -9999 -9999 -9999 -9999 -9999 -9999 -9999 -9999 -9999 -9999 -9999 -9999 -9999 -9999 -9999 -9999 -9999 -9999 -9999
31 31 33 33 36 39 40 41 42 42 42 42 43 44 45 46 47 48 50 53 54 57 61 65 69 71 75 76 77 78 79 81 82 85 89 92 97 102 107 111 115 119 122 125 128 130 131 132 135 136 139 141 145 148 151 156 160 163 167 170 173 173 143 107 104 153 193 200 -9999 -9999 -9999 -9999 -9999 -9999 -9999 -9999 -9999 -9999 -9999 -9999 -9999 -9999 -9999 -9999 -9999 -9999 -9999 -9999 -9999 -9999
31 32 34 35 37 38 40 42 43 43 43 43 44 44 45 46 47 49 50 52 54 57 62 65 70 73 76 78 78 79 80 80 82 85 88 92 96 100 105 110 114 118 122 125 127 128 130 131 133 133 135 138 141 144 148 152 156 159 161 162 161 151 127 98 96 142 179 195 -9999 -9999 -9999 -9999 -9999 -9999 -9999 -9999 -9999 -9999 -9999 -9999 -9999 -9999 -9999 -9999 -9999 -9999 -9999 -9999 -9999 -9999
31 32 33 35 36 39 41 42 42 44 43 44 44 44 46 46 47 48 51 52 54 57 61 66 72 76 78 79 78 79 79 80 82 83 86 90 94 99 104 109 113 119 122 126 127 128 129 130 130 131 133 135 138 141 145 149 151 154 156 155 150 141 127 114 119 149 173 187 -9999 -9999 -9999 -9999 -9999 -9999 -9999 -9999 -9999 -9999 -9999 -9999 -9999 -9999 -9999 -9999 -9999 -9999 -9999 -9999 -9999 -9999
33 32 33 36 37 38 39 41 42 43 43 44 45 45 45 47 47 48 51 51 54 57 61 68 73 78 80 78 78 78 78 79 79 81 84 88 92 97 102 108 113 119 123 125 127 128 129 128 128 128 129 132 136 139 143 147 149 151 152 151 147 140 134 131 140 162 176 186 -9999 -9999 -9999 -9999 -9999 -9999 -9999 -9999 -9999 -9999 -9999 -9999 -9999 -9999 -9999 -9999 -9999 -9999 -9999 -9999 -9999 -9999
33 33 34 35 37 39 40 41 41 42 43 44 45 46 45 46 47 48 48 51 53 56 62 68 74 80 80 78 77 77 78 78 80 81 84 86 91 95 102 108 114 119 124 128 130 129 129 128 126 126 126 129 133 138 141 144 148 149 150 149 147 144 142 144 156 174 184 188 -9999 -9999 -9999 -9999 -9999 -9999 -9999 -9999 -9999 -9999 -9999 -9999 -9999 -9999 -9999 -9999 -9999 -9999 -9999 -9999 -9999 -9999
32 33 34 35 37 39 40 41 42 42 43 44 44 46 46 46 47 48 48 51 51 55 60 66 71 74 76 76 76 77 77 77 78 80 83 87 89 95 101 107 114 121 126 130 131 131 129 126 125 123 124 126 131 137 141 144 146 148 150 150 150 150 151 156 165 181 189 -9999 -9999 -9999 -9999 -9999 -9999 -9999 -9999 -9999 -9999 -9999 -9999 -9999 -9999 -9999 -9999 -9999 -9999 -9999 -9999 -9999 -9999 -9999
32 34 34 36 37 39 40 41 42 43 43 44 45 46 46 46 47 48 48 48 50 54 58 62 65 69 72 73 73 75 76 77 78 81 83 86 89 95 101 108 115 122 128 134 133 132 129 126 124 122 120 125 130 137 143 145 147 149 151 152 154 155 158 163 170 179 -9999 -9999 -9999 -9999 -9999 -9999 -9999 -9999 -9999 -9999 -9999 -9999 -9999 -9999 -9999 -9999 -9999 -9999 -9999 -9999 -9999 -9999 -9999 -9999
32 35 35 36 37 38 41 41 42 43 44 44 44 45 46 47 47 48 48 48 50 52 55 59 62 65 69 69 71 73 75 76 79 82 84 88 93 97 102 110 115 123 131 136 135 132 129 127 125 121 121 126 134 140 145 147 149 149 152 156 159 162 165 167 173 177 -9999 -9999 -9999 -9999 -9999 -9999 -9999 -9999 -9999 -9999 -9999 -9999 -9999 -9999 -9999 -9999 -9999 -9999 -9999 -9999 -9999 -9999 -9999 -9999
33 35 35 36 38 40 41 42 43 44 44 43 43 44 45 46 47 47 47 48 49 51 52 55 57 60 64 66 69 71 74 77 80 84 88 92 95 100 103 109 115 121 127 132 132 130 130 128 127 125 127 130 137 143 148 152 154 153 155 160 166 168 170 170 171 -9999 -9999 -9999 -9999 -9999 -9999 -9999 -9999 -9999 -9999 -9999 -9999 -9999 -9999 -9999 -9999 -9999 -9999 -9999 -9999 -9999 -9999 -9999 -9999 -9999
34 35 36 37 38 40 42 43 43 44 44 43 42 43 44 46 47 47 47 47 49 51 52 53 55 56 60 64 67 70 73 77 81 85 91 96 99 102 105 109 114 120 123 127 129 129 129 129 130 131 133 137 144 149 155 158 161 161 160 167 173 174 174 171 -9999 -9999 -9999 -9999 -9999 -9999 -9999 -9999 -9999 -9999 -9999 -9999 -9999 -9999 -9999 -9999 -9999 -9999 -9999 -9999 -9999 -9999 -9999 -9999 -9999 -9999
34 36 37 38 40 41 42 44 45 46 44 44 41 43 44 46 46 47 47 47 48 49 50 51 53 54 58 61 65 68 72 76 81 87 92 97 100 103 106 109 112 116 119 123 125 127 129 131 133 135 139 144 150 156 163 166 169 169 170 173 176 175 173 -9999 -9999 -9999 -9999 -9999 -9999 -9999 -9999 -9999 -9999 -9999 -9999 -9999 -9999 -9999 -9999 -9999 -9999 -9999 -9999 -9999 -9999 -9999 -9999 -9999 -9999 -9999
34 36 38 39 40 41 44 46 46 47 46 45 44 44 45 47 47 47 47 47 47 47 49 50 51 52 55 59 62 67 71 75 79 86 92 97 101 102 106 108 110 114 116 119 123 126 129 132 136 139 144 150 156 164 167 170 172 173 176 176 179 176 175 -9999 -9999 -9999 -9999 -9999 -9999 -9999 -9999 -9999 -9999 -9999 -9999 -9999 -9999 -9999 -9999 -9999 -9999 -9999 -9999 -9999 -9999 -9999 -9999 -9999 -9999 -9999
35 36 37 38 40 42 45 47 48 49 49 48 47 47 48 48 47 47 48 47 47 47 48 48 50 51 55 57 60 64 69 74 79 85 91 97 100 101 104 105 107 109 112 116 119 125 129 134 138 142 148 155 162 164 167 168 170 172 173 176 178 -9999 -9999 -9999 -9999 -9999 -9999 -9999 -9999 -9999 -9999 -9999 -9999 -9999 -9999 -9999 -9999 -9999 -9999 -9999 -9999 -9999 -9999 -9999 -9999 -9999 -9999 -9999 -9999 -9999
36 38 37 38 40 42 45 49 51 51 51 52 51 51 50 49 48 48 48 47 47 47 47 47 48 50 53 55 59 62 67 71 75 82 89 99 100 99 100 101 102 105 109 113 119 123 128 133 139 144 150 157 159 161 165 168 170 171 -9999 -9999 -9999 -9999 -9999 -9999 -9999 -9999 -9999 -9999 -9999 -9999 -9999 -9999 -9999 -9999 -9999 -9999 -9999 -9999 -9999 -9999 -9999 -9999 -9999 -9999 -9999 -9999 -9999 -9999 -9999 -9999
38 39 39 38 39 41 47 51 54 54 54 53 52 51 50 49 48 48 48 46 46 45 46 46 48 49 51 55 57 61 64 68 74 79 88 100 98 97 96 96 97 100 105 110 115 121 127 133 138 145 151 155 159 161 -9999 -9999 -9999 -9999 -9999 -9999 -9999 -9999 -9999 -9999 -9999 -9999 -9999 -9999 -9999 -9999 -9999 -9999 -9999 -9999 -9999 -9999 -9999 -9999 -9999 -9999 -9999 -9999 -9999 -9999 -9999 -9999 -9999 -9999 -9999 -9999
37 39 39 39 38 42 47 53 57 58 56 55 54 52 52 50 50 48 48 48 46 46 45 46 47 49 51 53 57 59 63 67 72 77 82 92 93 92 91 91 88 94 100 107 113 119 125 131 137 -9999 -9999 -9999 -9999 -9999 -9999 -9999 -9999 -9999 -9999 -9999 -9999 -9999 -9999 -9999 -9999 -9999 -9999 -9999 -9999 -9999 -9999 -9999 -9999 -9999 -9999 -9999 -9999 -9999 -9999 -9999 -9999 -9999 -9999 -9999 -9999 -9999 -9999 -9999 -9999 -9999
34 36 38 39 36 41 50 58 60 60 59 56 55 53 52 50 50 49 47 47 47 45 45 45 47 48 51 52 55 58 61 64 69 73 78 84 84 89 89 89 87 88 -9999 -9999 -9999 -9999 -9999 -9999 -9999 -9999 -9999 -9999 -9999 -9999 -9999 -9999 -9999 -9999 -9999 -9999 -9999 -9999 -9999 -9999 -9999 -9999 -9999 -9999 -9999 -9999 -9999 -9999 -9999 -9999 -9999 -9999 -9999 -9999 -9999 -9999 -9999 -9999 -9999 -9999 -9999 -9999 -9999 -9999 -9999 -9999
34 36 40 39 41 45 54 60 61 61 59 57 56 54 52 51 50 49 49 48 47 46 46 47 47 48 50 52 54 57 60 62 66 70 73 77 82 -9999 -9999 -9999 -9999 -9999 -9999 -9999 -9999 -9999 -9999 -9999 -9999 -9999 -9999 -9999 -9999 -9999 -9999 -9999 -9999 -9999 -9999 -9999 -9999 -9999 -9999 -9999 -9999 -9999 -9999 -9999 -9999 -9999 -9999 -9999 -9999 -9999 -9999 -9999 -9999 -9999 -9999 -9999 -9999 -9999 -9999 -9999 -9999 -9999 -9999 -9999 -9999 -9999
34 37 39 41 42 46 53 57 60 60 60 58 55 54 53 52 52 51 50 49 48 47 47 47 48 49 50 53 55 56 59 61 64 67 71 74 -9999 -9999 -9999 -9999 -9999 -9999 -9999 -9999 -9999 -9999 -9999 -9999 -9999 -9999 -9999 -9999 -9999 -9999 -9999 -9999 -9999 -9999 -9999 -9999 -9999 -9999 -9999 -9999 -9999 -9999 -9999 -9999 -9999 -9999 -9999 -9999 -9999 -9999 -9999 -9999 -9999 -9999 -9999 -9999 -9999 -9999 -9999 -9999 -9999 -9999 -9999 -9999 -9999 -9999
36 37 40 41 44 48 51 55 57 59 60 58 56 54 53 53 52 51 50 50 49 49 48 49 50 51 51 53 54 56 58 60 63 66 69 71 -9999 -9999 -9999 -9999 -9999 -9999 -9999 -9999 -9999 -9999 -9999 -9999 -9999 -9999 -9999 -9999 -9999 -9999 -9999 -9999 -9999 -9999 -9999 -9999 -9999 -9999 -9999 -9999 -9999 -9999 -9999 -9999 -9999 -9999 -9999 -9999 -9999 -9999 -9999 -9999 -9999 -9999 -9999 -9999 -9999 -9999 -9999 -9999 -9999 -9999 -9999 -9999 -9999 -9999
37 37 39 42 45 47 50 53 55 56 56 57 56 55 54 54 53 52 51 51 51 50 49 50 50 51 51 53 55 55 58 60 62 65 69 70 -9999 -9999 -9999 -9999 -9999 -9999 -9999 -9999 -9999 -9999 -9999 -9999 -9999 -9999 -9999 -9999 -9999 -9999 -9999 -9999 -9999 -9999 -9999 -9999 -9999 -9999 -9999 -9999 -9999 -9999 -9999 -9999 -9999 -9999 -9999 -9999 -9999 -9999 -9999 -9999 -9999 -9999 -9999 -9999 -9999 -9999 -9999 -9999 -9999 -9999 -9999 -9999 -9999 -9999
36 37 39 42 44 46 48 50 53 55 55 56 55 56 55 54 53 52 53 52 53 52 51 52 51 52 52 53 55 56 58 61 63 66 68 70 -9999 -9999 -9999 -9999 -9999 -9999 -9999 -9999 -9999 -9999 -9999 -9999 -9999 -9999 -9999 -9999 -9999 -9999 -9999 -9999 -9999 -9999 -9999 -9999 -9999 -9999 -9999 -9999 -9999 -9999 -9999 -9999 -9999 -9999 -9999 -9999 -9999 -9999 -9999 -9999 -9999 -9999 -9999 -9999 -9999 -9999 -9999 -9999 -9999 -9999 -9999 -9999 -9999 -9999
36 38 39 42 44 45 47 49 51 52 54 55 55 55 54 54 54 54 53 54 53 54 53 53 53 53 53 54 56 57 59 62 64 66 68 73 -9999 -9999 -9999 -9999 -9999 -9999 -9999 -9999 -9999 -9999 -9999 -9999 -9999 -9999 -9999 -9999 -9999 -9999 -9999 -9999 -9999 -9999 -9999 -9999 -9999 -9999 -9999 -9999 -9999 -9999 -9999 -9999 -9999 -9999 -9999 -9999 -9999 -9999 -9999 -9999 -9999 -9999 -9999 -9999 -9999 -9999 -9999 -9999 -9999 -9999 -9999 -9999 -9999 -9999
36 38 38 41 42 44 47 47 50 50 51 52 53 53 53 54 53 54 54 53 54 54 54 53 54 53 54 56 57 59 61 62 65 68 70 72 -9999 -9999 -9999 -9999 -9999 -9999 -9999 -9999 -9999 -9999 -9999 -9999 -9999 -9999 -9999 -9999 -9999 -9999 -9999 -9999 -9999 -9999 -9999 -9999 -9999 -9999 -9999 -9999 -9999 -9999 -9999 -9999 -9999 -9999 -9999 -9999 -9999 -9999 -9999 -9999 -9999 -9999 -9999 -9999 -9999 -9999 -9999 -9999 -9999 -9999 -9999 -9999 -9999 -9999
