layers/bio16_SA.asc
ncols        300
nrows        420
xllcorner    -83.000000000000
yllcorner    -57.000000000000
cellsize     0.166666666667
NODATA_value  -9999
[rows 190 to 227 of 420, columns 174 to 260 of 300]
699 701 704 706 710 713 718 721 723 721 721 723 724 725 727 734 735 740 749 750 738 731 733 731 729 728 724 682 659 665 668 692 722 744 762 785 783 768 764 766 766 769 781 767 759 773 784 774 780 779 747 710 680 667 663 669 677 686 668 672 734 800 829 854 859 841 815 781 754 725 672 631 611 603 605 602 589 580 557 539 526 513 503 495 489 492 -9999
695 697 700 701 701 705 709 711 714 714 716 717 720 726 726 727 732 729 728 729 728 727 735 740 736 728 715 694 674 664 665 685 716 742 763 755 763 769 770 780 782 779 786 779 770 778 792 793 799 782 751 720 688 671 669 668 672 666 659 669 719 807 857 906 898 866 831 788 753 695 641 619 611 602 600 602 599 602 585 558 541 529 519 507 501 499 -9999
686 691 692 694 696 697 700 703 704 705 710 712 716 720 722 724 723 722 720 718 717 721 726 734 738 727 709 698 687 679 677 689 710 731 746 758 749 758 770 777 786 791 799 792 793 784 797 798 799 783 760 742 708 686 683 679 678 676 649 669 729 802 860 920 914 867 816 739 721 679 631 621 622 611 604 613 597 597 594 568 553 542 531 521 511 506 -9999
682 684 683 686 690 692 690 691 696 697 702 707 715 720 721 721 720 716 711 707 706 706 710 719 726 721 708 695 688 687 692 701 713 727 740 761 764 772 785 798 806 810 810 801 797 791 796 798 787 779 770 759 725 697 696 701 705 705 692 685 738 801 847 881 868 830 797 747 692 630 626 639 640 627 638 624 605 598 601 575 567 555 541 530 518 508 -9999
675 677 676 678 679 681 683 684 684 688 694 700 707 714 716 719 717 710 701 695 693 689 692 695 702 704 704 697 694 696 701 709 720 731 738 756 779 790 798 815 825 834 829 807 793 791 798 789 779 769 770 760 738 720 714 725 749 762 751 735 748 793 841 853 838 818 809 781 671 621 657 654 646 654 644 632 609 601 602 581 566 559 543 534 522 509 -9999
668 670 668 668 669 670 671 671 673 677 683 690 699 707 711 714 714 705 689 678 671 670 671 674 679 682 686 689 697 706 716 721 727 735 743 755 776 795 807 815 822 825 814 801 788 785 788 787 775 760 760 763 760 746 728 726 771 808 786 759 762 790 833 813 822 804 770 702 636 627 674 682 661 638 616 609 607 605 593 574 560 547 540 531 516 508 -9999
660 660 657 657 658 658 661 662 664 667 672 680 688 697 704 708 707 693 672 656 646 642 645 647 654 662 671 685 701 713 724 725 726 730 737 754 774 789 799 816 814 807 801 797 785 790 783 772 761 744 743 758 766 742 725 724 780 806 787 778 779 802 819 787 788 758 738 693 628 626 647 669 651 627 614 606 605 595 595 577 569 547 526 518 513 -9999 -9999
648 651 648 646 645 648 648 651 653 656 658 666 675 684 694 701 695 675 649 630 621 618 620 624 633 644 657 671 690 715 733 724 719 719 731 744 771 793 792 791 809 800 802 803 792 781 780 747 731 719 723 739 741 724 732 756 796 808 785 799 813 818 828 780 765 737 715 650 619 628 634 670 646 618 617 608 620 591 587 588 581 529 501 498 -9999 -9999 -9999
638 638 638 635 633 634 634 638 639 641 644 648 656 667 678 689 686 655 622 600 596 600 602 608 618 631 651 667 683 707 724 716 706 710 720 736 763 796 789 774 787 803 798 798 784 759 741 730 718 699 708 743 759 746 748 765 796 799 782 802 835 831 838 787 734 703 686 628 617 622 639 677 633 625 628 624 621 599 618 592 560 500 476 480 -9999 -9999 -9999
628 626 627 625 624 620 622 624 624 624 626 627 635 643 652 663 659 630 599 579 578 590 601 603 613 624 644 664 673 691 700 699 690 698 720 742 770 788 791 779 758 766 762 786 803 778 734 731 725 713 723 764 781 763 747 749 780 796 784 782 836 813 842 758 698 656 638 629 626 644 650 661 645 644 639 652 635 617 608 579 551 487 458 -9999 -9999 -9999 -9999
617 614 614 613 611 609 607 609 608 607 607 607 609 614 618 623 619 602 583 572 573 583 594 605 620 634 652 674 681 691 690 684 672 687 721 751 770 784 785 774 762 776 743 751 788 781 768 797 790 757 756 778 787 768 745 746 768 798 794 782 812 822 845 761 673 649 631 630 643 668 672 684 669 708 638 622 598 619 604 566 511 472 464 -9999 -9999 -9999 -9999
604 603 601 601 600 597 595 592 591 590 590 586 582 582 582 588 587 579 570 566 570 579 591 606 622 644 667 681 694 695 693 683 675 690 723 762 782 781 781 775 757 763 742 743 742 774 802 815 812 774 758 764 782 781 767 779 780 804 807 782 773 784 808 731 676 655 646 646 658 710 674 677 674 669 613 596 549 578 572 520 488 458 -9999 -9999 -9999 -9999 -9999
594 592 590 588 587 585 582 578 575 573 571 566 560 554 549 562 562 556 556 561 568 575 586 598 612 629 648 653 676 692 700 696 697 702 726 759 781 781 777 769 760 756 734 738 744 749 770 786 780 762 744 746 776 795 811 833 833 825 805 775 773 769 723 712 687 669 659 661 676 694 671 654 649 639 599 548 513 513 527 468 451 -9999 -9999 -9999 -9999 -9999 -9999
581 581 578 576 573 572 570 566 563 557 554 549 541 530 526 541 541 536 545 556 565 573 579 586 592 601 608 619 654 685 700 707 711 705 722 746 763 774 779 773 761 758 748 754 753 758 764 763 771 770 727 720 742 780 854 892 864 825 791 774 772 756 730 720 706 693 677 664 690 672 669 632 632 620 611 565 520 475 453 444 438 -9999 -9999 -9999 -9999 -9999 -9999
571 569 569 565 562 558 557 554 549 545 541 535 525 509 506 515 525 530 545 558 567 573 575 575 577 583 590 605 637 673 683 690 694 694 713 733 747 755 754 756 755 761 761 760 757 767 762 742 733 725 710 700 708 761 838 897 862 806 764 758 760 770 757 740 731 709 670 670 684 675 659 630 591 585 552 524 494 451 433 430 -9999 -9999 -9999 -9999 -9999 -9999 -9999
560 559 557 555 551 546 543 540 536 533 531 527 514 500 487 499 518 535 550 564 576 584 579 576 572 576 585 601 624 645 656 669 683 687 698 715 736 746 735 734 753 751 743 746 745 740 739 737 728 731 723 707 706 735 793 836 837 810 782 758 756 764 769 750 734 706 681 679 666 674 662 625 581 549 532 493 457 429 413 -9999 -9999 -9999 -9999 -9999 -9999 -9999 -9999
552 551 549 545 540 534 530 526 522 518 518 515 507 502 506 513 522 538 554 568 582 591 591 594 585 583 589 603 617 629 643 662 683 691 692 700 714 729 724 718 711 710 731 745 756 753 743 737 736 720 716 728 717 727 774 816 818 796 785 781 773 778 799 784 755 730 716 657 643 646 640 623 592 536 511 485 452 421 405 -9999 -9999 -9999 -9999 -9999 -9999 -9999 -9999
545 543 540 535 528 523 518 514 509 506 503 501 502 505 515 523 529 539 557 569 580 589 595 594 590 587 593 608 623 621 632 652 675 689 686 684 692 707 718 723 699 681 722 763 764 760 761 759 749 733 721 728 735 736 783 803 821 790 793 788 790 776 786 786 769 746 718 679 658 636 624 601 573 525 504 475 446 414 -9999 -9999 -9999 -9999 -9999 -9999 -9999 -9999 -9999
542 538 534 527 520 514 507 500 495 492 488 491 499 504 507 517 525 533 549 564 574 574 567 570 585 590 588 601 608 604 615 639 665 677 676 675 684 692 700 701 672 646 705 799 822 797 803 787 743 723 733 742 747 742 785 792 794 791 806 806 793 754 752 760 770 762 746 699 651 629 616 586 577 579 499 468 440 403 -9999 -9999 -9999 -9999 -9999 -9999 -9999 -9999 -9999
558 546 530 519 511 503 496 491 484 480 479 484 493 496 499 516 526 530 538 549 561 564 559 565 579 580 584 588 583 584 595 620 649 663 666 681 698 697 684 633 608 636 686 772 848 827 807 815 753 703 728 785 781 755 754 814 816 810 816 809 780 753 716 718 750 758 739 691 673 674 632 612 617 513 471 446 416 383 375 -9999 -9999 -9999 -9999 -9999 -9999 -9999 -9999
581 562 537 517 500 490 483 476 471 468 470 475 481 485 494 518 532 526 525 530 536 545 557 569 576 588 600 588 567 566 576 603 632 650 662 676 694 696 677 632 610 655 704 753 795 814 813 789 720 687 717 815 798 784 803 900 884 843 828 772 755 719 681 693 751 756 754 730 706 705 680 649 558 489 453 422 393 377 371 -9999 -9999 -9999 -9999 -9999 -9999 -9999 -9999
601 575 541 516 491 477 469 462 459 458 460 466 474 480 494 517 530 525 523 528 534 541 549 564 597 614 610 584 569 576 580 599 628 652 659 678 687 683 667 666 656 670 706 757 773 762 749 723 700 709 755 820 889 809 803 945 910 822 765 744 736 727 695 731 763 780 769 740 696 678 667 604 497 465 438 413 394 -9999 -9999 -9999 -9999 -9999 -9999 -9999 -9999 -9999 -9999
602 574 540 510 485 462 456 452 450 451 452 456 466 478 493 512 532 543 542 538 539 546 554 560 576 597 596 583 577 586 594 606 628 648 662 678 683 675 658 665 661 672 695 728 755 759 806 779 713 740 781 841 918 920 899 921 850 747 724 703 697 684 708 755 805 807 761 681 681 627 575 490 450 449 -9999 -9999 -9999 -9999 -9999 -9999 -9999 -9999 -9999 -9999 -9999 -9999 -9999
584 560 530 502 476 455 444 440 440 440 445 451 464 476 487 504 536 568 560 546 545 554 551 545 561 582 590 582 578 584 598 616 631 629 628 635 644 650 649 648 646 653 688 742 735 777 839 759 792 813 882 929 909 764 717 733 743 741 713 682 655 646 693 745 750 687 572 545 564 464 426 403 409 -9999 -9999 -9999 -9999 -9999 -9999 -9999 -9999 -9999 -9999 -9999 -9999 -9999 -9999
566 541 515 490 467 452 438 433 434 438 443 453 468 479 485 494 525 559 552 540 537 543 547 552 561 589 595 581 569 573 593 617 636 621 610 603 610 616 630 635 635 641 673 715 725 762 766 819 894 890 922 894 706 678 734 836 835 784 747 698 662 561 572 575 544 508 493 491 469 409 375 343 325 -9999 -9999 -9999 -9999 -9999 -9999 -9999 -9999 -9999 -9999 -9999 -9999 -9999 -9999
547 524 500 480 461 446 434 429 433 437 445 459 476 489 498 507 523 534 527 521 516 517 537 582 578 592 593 568 547 550 578 607 624 621 598 584 584 586 598 608 616 627 651 664 666 696 743 825 795 855 725 668 707 746 725 772 744 734 710 675 628 496 502 487 490 457 458 455 416 372 332 297 296 -9999 -9999 -9999 -9999 -9999 -9999 -9999 -9999 -9999 -9999 -9999 -9999 -9999 -9999
528 506 485 468 450 437 427 421 427 439 450 468 484 496 510 524 532 528 517 506 494 491 507 563 567 561 564 548 524 530 567 594 608 607 587 575 571 568 573 583 595 611 631 638 649 670 696 664 649 632 634 673 733 712 727 781 749 725 665 618 533 476 470 446 459 -9999 -9999 -9999 -9999 -9999 -9999 274 -9999 -9999 -9999 -9999 -9999 -9999 -9999 -9999 -9999 -9999 -9999 -9999 -9999 -9999 -9999
509 488 472 456 442 430 421 418 425 439 453 468 490 497 516 537 555 533 512 497 483 479 492 519 535 542 547 544 517 509 536 566 579 578 577 570 561 554 561 577 597 624 645 650 679 671 650 635 610 618 659 664 744 800 836 820 787 684 648 589 -9999 -9999 -9999 -9999 -9999 -9999 -9999 -9999 -9999 -9999 -9999 -9999 -9999 -9999 -9999 -9999 -9999 -9999 -9999 -9999 -9999 -9999 -9999 -9999 -9999 -9999 -9999
492 474 460 449 439 432 428 426 429 442 459 467 476 500 521 539 566 541 518 499 480 476 483 497 512 517 526 529 505 491 514 549 561 552 557 554 542 534 555 578 613 635 645 646 663 658 637 655 647 647 668 720 805 940 944 862 790 -9999 -9999 -9999 -9999 -9999 -9999 -9999 -9999 -9999 -9999 -9999 -9999 -9999 -9999 -9999 -9999 -9999 -9999 -9999 -9999 -9999 -9999 -9999 -9999 -9999 -9999 -9999 -9999 -9999 -9999
476 458 443 442 446 440 436 437 442 451 469 484 497 511 525 541 557 545 523 508 492 471 473 480 491 491 488 489 490 485 504 526 537 531 530 528 517 505 519 591 648 686 678 646 624 667 719 786 790 829 792 785 865 918 -9999 -9999 -9999 -9999 -9999 -9999 -9999 -9999 -9999 -9999 -9999 -9999 -9999 -9999 -9999 -9999 -9999 -9999 -9999 -9999 -9999 -9999 -9999 -9999 -9999 -9999 -9999 -9999 -9999 -9999 -9999 -9999 -9999
459 438 427 430 457 441 437 442 456 472 483 503 517 529 542 550 547 540 525 512 496 466 466 470 473 481 474 477 481 481 498 510 510 509 509 513 516 523 580 684 728 775 745 722 775 903 989 1030 967 893 836 756 836 770 -9999 -9999 -9999 -9999 -9999 -9999 -9999 -9999 -9999 -9999 -9999 -9999 -9999 -9999 -9999 -9999 -9999 -9999 -9999 -9999 -9999 -9999 -9999 -9999 -9999 -9999 -9999 -9999 -9999 -9999 -9999 -9999 -9999
444 420 411 423 442 432 427 449 473 494 503 519 535 545 555 552 537 530 516 497 477 463 465 468 473 482 478 488 485 490 496 517 515 508 498 514 547 604 700 751 759 789 835 881 1030 995 999 1029 -9999 -9999 722 857 797 -9999 -9999 -9999 -9999 -9999 -9999 -9999 -9999 -9999 -9999 -9999 -9999 -9999 -9999 -9999 -9999 -9999 -9999 -9999 -9999 -9999 -9999 -9999 -9999 -9999 -9999 -9999 -9999 -9999 -9999 -9999 -9999 -9999 -9999
440 414 420 438 453 452 451 467 499 521 521 519 532 545 564 565 549 524 504 481 466 463 462 467 477 496 498 509 519 523 530 546 544 535 531 553 599 646 693 729 755 809 852 911 1016 986 979 -9999 -9999 853 -9999 -9999 -9999 -9999 -9999 -9999 -9999 -9999 -9999 -9999 -9999 -9999 -9999 -9999 -9999 -9999 -9999 -9999 -9999 -9999 -9999 -9999 -9999 -9999 -9999 -9999 -9999 -9999 -9999 -9999 -9999 -9999 -9999 -9999 -9999 -9999 -9999
462 447 450 472 488 493 498 515 535 543 525 499 509 527 550 559 541 517 492 469 455 458 472 478 498 522 537 542 545 544 542 548 555 562 571 632 698 695 676 704 761 817 818 847 -9999 -9999 -9999 -9999 -9999 -9999 -9999 -9999 -9999 -9999 -9999 -9999 -9999 -9999 -9999 -9999 -9999 -9999 -9999 -9999 -9999 -9999 -9999 -9999 -9999 -9999 -9999 -9999 -9999 -9999 -9999 -9999 -9999 -9999 -9999 -9999 -9999 -9999 -9999 -9999 -9999 -9999 -9999
478 470 483 508 520 521 534 552 571 572 540 486 494 502 516 543 518 504 484 464 446 441 462 497 521 526 534 536 526 517 540 544 549 569 597 642 679 681 692 736 808 842 828 -9999 -9999 -9999 -9999 -9999 -9999 -9999 -9999 -9999 -9999 -9999 -9999 -9999 -9999 -9999 -9999 -9999 -9999 -9999 -9999 -9999 -9999 -9999 -9999 -9999 -9999 -9999 -9999 -9999 -9999 -9999 -9999 -9999 -9999 -9999 -9999 -9999 -9999 -9999 -9999 -9999 -9999 -9999 -9999
478 464 490 528 547 549 561 586 603 596 578 530 520 519 503 515 504 496 487 469 461 445 486 502 517 528 535 506 464 472 512 533 562 587 607 643 678 699 696 726 788 -9999 -9999 -9999 -9999 -9999 -9999 -9999 -9999 -9999 -9999 -9999 -9999 -9999 -9999 -9999 -9999 -9999 -9999 -9999 -9999 -9999 -9999 -9999 -9999 -9999 -9999 -9999 -9999 -9999 -9999 -9999 -9999 -9999 -9999 -9999 -9999 -9999 -9999 -9999 -9999 -9999 -9999 -9999 -9999 -9999 -9999
479 465 504 549 579 575 574 587 601 589 569 556 565 563 521 502 491 484 491 481 467 459 487 505 518 538 517 449 408 470 511 538 575 609 656 696 741 755 713 730 -9999 -9999 -9999 -9999 -9999 -9999 -9999 -9999 -9999 -9999 -9999 -9999 -9999 -9999 -9999 -9999 -9999 -9999 -9999 -9999 -9999 -9999 -9999 -9999 -9999 -9999 -9999 -9999 -9999 -9999 -9999 -9999 -9999 -9999 -9999 -9999 -9999 -9999 -9999 -9999 -9999 -9999 -9999 -9999 -9999 -9999 -9999
503 508 528 555 576 580 577 581 584 573 555 549 557 555 532 506 487 484 478 485 475 467 475 511 530 536 480 435 466 521 530 535 604 646 725 815 896 847 -9999 -9999 -9999 -9999 -9999 -9999 -9999 -9999 -9999 -9999 -9999 -9999 -9999 -9999 -9999 -9999 -9999 -9999 -9999 -9999 -9999 -9999 -9999 -9999 -9999 -9999 -9999 -9999 -9999 -9999 -9999 -9999 -9999 -9999 -9999 -9999 -9999 -9999 -9999 -9999 -9999 -9999 -9999 -9999 -9999 -9999 -9999 -9999 -9999
