layers/bio10_SA.asc
ncols        300
nrows        420
xllcorner    -83.000000000000
yllcorner    -57.000000000000
cellsize     0.166666666667
NODATA_value  -9999
[rows 114 to 151 of 420, columns 86 to 171 of 300]
260 260 260 261 263 263 262 262 263 263 263 264 264 265 265 266 265 266 266 266 267 267 267 268 268 268 268 268 268 268 268 268 268 268 268 268 268 268 269 268 269 269 269 269 270 270 270 270 270 270 271 271 270 270 270 271 270 271 269 269 269 268 267 268 268 270 271 271 269 267 269 268 269 268 267 263 264 264 260 261 260 260 261 261 260 259
259 260 260 262 262 261 262 262 263 263 263 264 264 264 265 265 266 266 266 266 266 267 268 268 267 268 268 267 268 268 268 269 269 269 269 268 268 269 269 269 269 268 269 269 269 269 269 270 270 270 270 271 270 269 269 269 270 270 269 269 267 270 270 270 271 272 271 271 269 266 263 266 265 266 268 266 265 265 262 259 261 261 260 261 261 260
260 261 261 262 262 261 262 262 262 263 264 264 265 265 264 265 266 267 267 267 267 268 268 268 268 268 268 268 268 268 268 269 269 268 268 269 269 270 269 269 268 269 269 269 269 269 269 270 270 270 269 270 269 268 268 269 269 270 269 267 267 268 270 272 271 270 270 271 268 264 265 267 263 263 265 263 264 265 265 264 262 262 262 262 260 260
261 261 261 261 261 261 261 262 262 263 263 263 264 265 266 266 266 266 266 266 267 267 268 268 268 269 268 267 268 268 268 268 269 268 269 269 270 270 269 269 268 269 269 269 269 269 268 268 269 270 268 269 267 268 268 267 268 270 268 268 269 270 269 267 270 269 269 271 269 264 266 266 261 261 264 265 265 263 264 263 262 261 261 260 259 259
261 261 260 260 260 261 261 262 263 263 264 264 264 265 264 265 265 265 266 266 266 267 267 268 268 268 267 267 268 268 268 269 269 269 270 270 270 270 269 269 269 269 269 268 268 268 268 269 269 269 267 268 266 265 267 266 267 270 269 268 268 268 264 265 268 268 269 270 269 264 265 265 261 262 264 264 263 262 264 263 259 259 261 261 258 258
259 260 260 260 261 261 262 262 262 262 263 263 264 264 265 265 265 266 266 266 266 267 267 268 267 267 268 267 268 268 268 269 269 270 270 270 271 270 269 269 269 268 268 268 267 268 268 267 268 268 267 267 265 265 266 264 266 270 269 267 265 268 265 264 265 266 269 270 269 265 265 264 262 263 263 263 261 262 263 263 261 261 261 260 258 256
258 259 259 259 260 260 261 261 262 262 262 263 263 264 265 265 266 265 266 266 266 267 267 268 268 267 268 267 268 268 269 269 270 270 270 271 270 269 269 269 268 268 268 267 267 268 268 268 267 267 267 266 266 265 265 264 264 268 270 268 266 266 268 267 266 264 265 269 268 266 266 264 261 262 264 262 262 263 263 263 258 261 260 259 259 256
259 258 258 259 260 260 260 261 261 262 263 263 263 264 264 265 265 265 266 266 267 268 268 268 268 267 268 268 268 269 269 269 270 271 271 270 269 269 269 268 268 267 267 266 267 267 267 267 267 266 263 263 264 264 265 264 264 268 269 268 265 267 268 269 268 264 262 266 266 266 264 263 262 263 264 262 262 262 261 263 259 259 261 259 259 257
259 259 260 259 260 261 260 261 261 262 262 263 264 264 264 265 265 266 266 267 268 268 268 268 267 267 268 268 268 269 269 269 270 271 271 270 269 269 268 268 268 267 267 266 267 267 266 267 267 265 262 262 262 264 265 263 263 266 268 267 264 266 268 269 269 268 265 263 264 264 261 262 262 261 263 261 261 262 260 262 259 258 259 260 259 257
258 258 258 258 259 260 261 262 262 262 262 264 265 266 266 265 265 266 266 267 268 267 268 267 267 268 268 268 268 269 269 269 270 271 271 270 269 268 268 268 267 266 266 266 266 265 265 266 266 264 265 265 263 261 263 261 261 264 264 267 266 267 268 267 269 269 269 266 261 261 261 261 260 262 262 261 261 260 261 262 262 259 260 260 258 258
256 257 257 258 258 260 260 261 262 263 264 264 265 265 266 266 266 267 268 267 267 267 267 267 268 268 268 268 268 269 269 269 270 270 270 269 268 268 267 267 267 267 265 265 266 265 265 265 266 265 265 265 265 261 262 261 261 261 264 266 266 266 268 267 268 268 268 269 262 259 257 260 261 263 262 261 259 261 261 261 262 260 260 259 259 258
256 257 257 257 258 259 260 261 262 264 264 263 264 264 265 266 266 267 267 267 267 267 267 268 268 267 268 268 268 269 269 269 269 270 270 268 268 268 267 267 266 266 265 264 264 264 264 263 265 265 265 264 263 261 262 261 262 262 263 263 265 266 266 266 267 268 268 268 266 260 256 258 261 260 261 261 260 260 260 261 261 259 260 259 259 258
256 257 258 257 258 259 260 261 262 263 263 263 264 264 265 266 266 266 267 267 267 267 267 267 268 267 268 268 268 268 268 269 268 269 269 268 267 267 267 266 265 264 264 263 264 264 263 262 263 264 264 264 264 262 263 263 261 259 262 261 265 265 266 265 266 268 266 267 265 258 255 254 256 254 259 260 260 260 260 261 260 260 260 260 258 257
255 256 256 257 258 258 259 261 263 263 263 263 264 265 265 265 266 267 267 267 267 267 267 267 267 267 267 268 268 268 268 269 269 269 268 267 267 266 266 265 266 265 264 262 263 263 263 262 263 263 262 263 263 264 264 263 261 260 261 261 265 264 264 266 265 266 266 267 261 256 255 251 251 249 249 250 257 258 260 261 259 260 256 259 259 256
255 254 256 257 258 259 260 262 263 263 263 264 265 265 266 266 266 267 267 267 268 267 267 267 268 267 268 268 268 268 269 269 268 267 267 267 266 265 265 265 265 264 264 263 262 261 262 261 261 262 262 263 263 264 263 262 258 259 260 263 263 263 261 265 265 265 267 266 259 258 256 254 252 250 248 247 247 251 257 260 260 260 259 259 259 256
254 255 256 257 258 259 261 262 263 263 264 264 265 265 265 266 267 267 267 267 268 268 267 267 268 267 267 267 268 269 268 267 267 267 267 266 265 265 264 264 264 263 262 261 261 261 261 260 261 261 261 262 262 263 263 263 262 257 260 264 260 262 258 264 263 265 266 266 262 263 260 259 257 255 254 252 251 250 249 256 260 260 259 258 259 256
253 255 255 255 257 259 260 263 264 263 264 264 265 265 266 267 268 268 268 267 268 268 268 267 268 268 267 268 268 268 267 267 267 267 266 266 264 264 264 264 263 261 261 260 260 261 261 261 258 261 260 260 261 261 261 263 261 257 262 262 259 261 258 262 258 262 264 264 264 265 263 264 262 261 259 259 259 254 250 247 246 251 254 251 256 255
254 253 254 256 258 261 262 263 264 263 264 265 266 266 266 267 268 268 268 268 268 268 268 268 268 268 267 268 267 267 267 267 267 266 266 265 264 263 263 262 262 261 261 260 260 260 260 260 259 260 259 258 259 260 261 262 262 260 259 258 259 259 259 262 260 262 262 265 265 265 264 265 264 263 262 262 258 256 252 249 247 248 249 247 251 255
254 255 256 258 259 260 261 263 263 263 265 266 266 266 265 266 266 268 268 268 268 267 267 267 268 268 268 267 267 266 266 266 266 265 265 263 263 262 261 261 260 260 260 259 259 258 258 258 258 259 259 259 258 259 261 261 261 261 261 258 259 259 259 259 260 256 260 263 264 265 265 265 264 264 263 263 260 257 255 253 249 249 247 245 246 254
253 254 255 258 259 261 262 263 264 265 265 266 267 267 267 266 266 268 267 267 265 267 267 268 268 269 267 266 266 266 266 265 265 264 263 262 262 260 259 259 259 259 258 258 257 257 257 258 258 258 258 257 257 258 259 260 259 260 257 258 258 258 258 260 259 256 256 258 259 263 263 262 262 263 263 263 261 258 257 254 251 250 248 246 249 256
253 255 257 259 260 262 263 264 264 265 265 267 267 267 267 267 266 268 267 267 267 267 268 269 268 268 267 265 265 265 265 264 264 263 262 261 261 258 259 259 258 258 256 257 257 256 256 256 257 257 257 257 258 257 259 260 259 258 256 256 258 259 259 259 259 257 256 259 261 262 260 262 262 261 258 260 260 259 256 258 254 253 251 249 251 255
255 257 258 260 261 263 264 264 265 266 267 268 267 267 268 268 268 268 269 270 270 269 269 268 267 268 267 266 265 265 264 263 263 262 262 260 259 256 257 258 257 257 256 256 256 255 254 255 256 255 256 254 254 256 258 258 257 255 254 255 256 258 259 257 258 258 258 261 262 262 262 261 262 262 262 261 261 258 259 258 256 255 254 252 252 255
256 258 260 262 263 264 265 265 267 267 268 268 268 269 270 270 271 270 271 271 271 270 269 268 267 267 267 265 264 264 264 263 262 261 260 259 257 257 257 255 257 256 255 255 255 253 254 255 254 254 254 256 255 255 256 258 257 257 256 255 255 256 258 258 259 258 258 260 261 261 262 261 262 262 262 262 262 262 261 260 260 257 258 254 253 255
258 260 261 262 265 266 266 266 267 267 268 269 270 270 270 271 271 271 271 271 271 270 269 268 266 266 266 265 264 263 262 261 261 262 260 258 256 256 255 256 255 254 253 253 253 252 254 254 253 252 252 254 252 254 255 256 257 257 257 256 255 255 257 257 258 259 259 259 260 260 262 262 261 261 261 261 262 262 262 262 260 261 259 257 257 254
260 262 263 264 266 267 267 267 267 268 269 269 269 270 270 271 271 272 272 271 271 270 269 268 266 267 266 264 263 264 261 260 261 261 259 256 255 255 255 255 254 252 250 252 250 250 252 252 253 252 251 252 250 253 254 254 255 256 257 255 256 256 257 256 256 257 259 258 259 261 262 261 261 261 261 261 261 261 262 262 261 262 260 260 258 255
261 263 264 265 266 267 267 268 269 269 269 269 270 270 271 271 271 272 271 271 272 270 269 268 267 267 266 264 263 263 260 259 260 259 258 256 255 255 255 253 252 251 247 248 249 251 251 251 252 251 250 250 249 250 249 249 249 252 254 255 254 256 256 257 256 256 257 254 254 258 261 261 260 260 259 261 262 262 262 262 262 261 261 260 257 257
261 263 264 266 267 267 267 269 269 269 269 270 270 271 271 271 273 273 272 273 272 271 269 267 267 266 264 264 262 262 259 257 259 256 256 254 254 254 253 252 251 250 248 247 246 250 249 249 251 249 248 246 248 248 246 247 248 245 248 252 254 255 256 255 247 252 253 255 257 257 259 258 257 258 259 261 262 261 262 262 260 260 259 260 260 256
263 265 266 267 267 267 268 269 269 269 270 270 271 271 271 273 273 274 274 274 273 271 270 266 265 261 261 259 260 260 256 256 258 255 252 254 254 251 250 251 250 250 247 246 247 249 248 248 248 247 245 244 247 243 245 247 246 244 243 247 253 255 254 254 250 248 252 255 256 257 258 259 258 257 260 261 262 262 262 261 260 258 257 258 259 256
263 264 266 267 267 268 269 268 269 269 270 270 271 272 273 273 274 274 275 274 273 270 270 270 268 264 260 256 255 252 249 253 256 252 252 254 251 249 249 250 250 249 246 243 247 246 245 247 248 248 246 242 243 243 243 245 245 245 245 249 252 255 255 256 257 254 252 254 256 257 259 259 259 260 262 262 262 260 261 260 259 257 258 257 257 255
262 263 265 266 267 267 267 268 269 270 271 271 272 272 273 274 275 273 275 274 274 272 269 268 268 266 263 259 254 245 238 253 255 252 252 251 249 245 249 249 249 248 242 243 246 245 244 245 245 245 243 240 241 241 242 244 244 245 246 248 251 254 255 254 257 259 260 257 257 256 258 258 258 260 260 261 262 259 258 257 255 254 256 256 255 257
261 263 265 266 266 267 269 269 270 270 271 271 272 272 272 274 273 274 275 274 274 272 271 270 268 266 265 264 261 254 252 253 252 250 250 251 249 249 249 248 248 245 240 243 244 243 243 242 243 244 243 240 241 238 241 242 243 243 245 248 250 253 255 253 256 259 258 258 260 259 258 259 257 256 256 258 261 261 261 261 260 257 255 257 258 259
262 263 265 266 267 268 269 268 269 270 271 271 271 272 273 273 273 274 274 274 273 272 271 270 269 267 265 264 261 257 257 255 255 252 251 250 249 249 248 247 247 244 241 242 243 241 238 235 239 238 235 238 236 235 239 242 242 242 245 244 248 252 254 255 255 258 260 260 261 259 260 260 260 258 257 257 257 259 260 260 259 258 258 258 257 257
261 263 264 266 267 268 268 269 270 271 271 271 273 273 272 273 273 274 273 273 273 272 271 270 269 267 266 263 260 258 257 256 252 252 252 249 248 248 248 247 246 246 244 243 242 239 238 233 236 236 234 234 236 235 236 240 241 242 241 245 249 252 253 255 256 256 259 261 260 259 259 261 260 260 260 260 259 258 260 260 258 258 259 258 256 256
262 264 265 266 266 268 269 270 270 270 271 272 272 272 272 273 273 274 274 273 274 272 271 270 268 267 265 263 261 257 257 255 254 253 253 251 250 245 246 246 245 245 244 242 242 240 237 234 231 232 231 234 234 236 235 238 240 241 245 247 249 252 253 256 257 257 258 261 261 261 261 261 260 261 261 260 259 259 260 259 257 258 258 258 256 256
262 264 264 266 268 267 268 269 270 270 271 272 272 272 272 273 273 273 274 273 274 273 271 270 269 266 263 264 262 257 253 256 256 255 254 253 250 245 243 244 243 243 242 241 241 241 240 239 233 232 229 231 231 235 236 237 239 240 241 246 250 252 253 256 257 257 258 261 262 263 263 261 260 261 261 260 260 261 259 258 258 259 258 257 255 256
263 263 264 267 267 268 268 269 270 270 271 271 272 272 273 273 273 273 274 273 274 273 272 270 269 267 266 264 262 260 258 258 257 255 254 252 246 247 241 238 238 240 239 240 240 238 237 235 232 230 229 229 230 232 234 235 235 238 242 246 249 252 253 255 257 258 258 260 262 263 263 264 261 261 261 261 261 261 260 258 259 258 258 256 256 257
263 264 266 267 267 268 268 269 269 270 271 271 272 272 273 273 272 273 274 274 274 273 273 272 269 268 266 265 263 261 260 259 258 256 254 252 250 245 235 235 235 234 236 238 238 237 233 232 232 229 228 225 228 229 231 235 236 241 244 248 250 250 252 255 258 258 259 259 261 264 264 265 264 262 261 261 261 260 260 258 258 258 257 257 257 256
263 265 267 266 267 268 268 269 270 270 271 272 272 272 273 272 274 274 274 273 274 274 273 271 270 268 266 264 262 261 260 259 258 256 254 252 251 248 242 241 239 234 235 237 237 237 235 232 231 229 226 223 226 227 232 237 239 241 245 247 249 251 252 256 258 259 260 260 260 264 266 265 264 262 261 261 261 260 260 258 258 258 257 256 256 256
