layers/bio16_SA.asc
ncols        300
nrows        420
xllcorner    -83.000000000000
yllcorner    -57.000000000000
cellsize     0.166666666667
NODATA_value  -9999
[rows 228 to 265 of 420, columns 87 to 173 of 300]
27 24 24 31 31 37 42 48 54 65 70 82 86 105 134 120 174 329 380 359 376 389 390 372 357 338 328 337 343 344 341 337 332 326 321 316 313 309 309 308 309 313 318 326 338 348 356 361 360 359 356 354 352 351 349 350 350 351 357 368 384 403 413 427 431 431 440 455 461 460 463 471 489 518 558 552 524 507 502 500 503 509 511 513 518 526 531
26 26 25 34 35 41 44 49 55 63 71 80 94 117 124 127 173 263 341 345 363 394 393 367 353 337 323 329 335 337 336 332 327 322 318 313 309 308 306 306 308 314 320 330 339 350 356 361 361 360 359 356 355 354 353 354 356 361 368 381 399 418 431 440 448 445 444 460 466 463 463 472 484 499 507 507 499 487 471 473 487 504 508 515 534 545 553
25 30 31 36 39 41 44 52 56 64 73 79 96 121 117 129 164 263 304 282 340 418 392 378 375 352 335 334 335 335 333 328 324 318 313 310 307 304 304 306 309 315 323 333 343 352 358 361 362 361 361 360 359 359 359 359 362 368 377 392 408 427 442 452 458 463 437 461 473 461 460 467 476 481 476 479 487 476 445 451 463 484 492 510 546 564 559
20 27 33 47 38 37 50 54 61 66 74 80 93 110 121 132 154 226 225 249 328 418 403 397 397 364 351 344 340 336 333 327 321 315 310 306 304 303 303 307 311 318 326 335 346 355 362 363 363 362 362 361 361 362 362 364 367 373 383 397 415 435 451 461 459 448 449 474 471 448 451 459 469 473 475 481 489 484 467 456 452 459 474 500 546 577 563
24 28 28 33 31 45 51 56 65 71 76 82 89 101 118 129 151 165 203 272 352 395 400 399 393 378 363 353 346 339 332 326 319 313 308 305 302 302 302 306 311 319 329 340 349 360 367 367 364 363 363 365 364 365 366 368 370 375 385 400 420 442 459 469 463 457 465 484 471 445 447 446 456 464 476 490 502 494 484 469 462 462 463 475 503 528 544
27 27 27 29 35 44 45 55 70 77 79 86 91 99 110 131 140 162 209 287 344 370 400 404 404 391 377 363 351 342 333 324 316 309 305 303 300 300 301 305 310 320 330 341 353 365 375 374 363 364 367 367 369 370 369 371 374 381 389 401 422 447 467 481 470 460 457 451 438 441 442 432 431 452 471 490 502 496 485 475 469 468 464 461 475 505 531
31 32 31 32 42 43 45 58 69 78 83 88 93 104 113 139 142 193 259 288 337 346 404 415 416 403 387 370 356 344 332 323 314 307 302 299 298 298 300 302 310 320 332 344 357 367 376 375 368 368 370 371 372 373 375 376 382 388 395 405 424 454 470 479 466 452 438 426 418 425 433 437 436 443 459 476 489 490 484 475 472 479 477 469 474 495 521
34 41 30 34 41 42 46 57 69 75 83 93 99 108 116 146 149 218 275 284 345 390 409 429 431 411 392 374 358 345 332 321 311 303 299 297 297 298 300 302 310 322 334 346 358 367 375 376 374 373 373 375 377 379 381 386 391 397 402 413 431 461 473 467 457 442 426 422 421 424 426 429 425 428 445 465 478 484 481 478 480 483 482 477 480 486 511
40 39 34 44 44 42 47 57 76 74 81 92 103 108 121 158 151 247 322 327 400 425 420 433 437 410 391 373 357 342 330 318 308 299 295 295 296 299 302 307 314 326 337 349 360 370 376 378 377 376 376 380 383 386 388 396 402 410 417 428 442 454 464 461 448 436 424 426 430 429 420 409 395 408 443 458 472 483 479 467 469 474 479 480 478 479 500
41 37 41 50 46 47 50 61 79 73 82 96 101 110 130 154 152 252 383 412 448 443 415 409 409 395 381 367 352 340 327 316 305 296 293 294 297 301 306 312 322 331 342 354 364 373 380 382 379 378 379 384 389 394 397 407 415 422 431 441 453 460 468 480 451 426 421 423 437 434 431 414 399 429 466 485 488 486 480 460 452 459 467 474 468 472 490
42 46 51 49 51 53 59 65 73 78 87 98 101 114 136 147 162 293 491 490 501 456 398 388 386 377 367 357 346 334 323 313 304 297 295 296 300 303 309 317 326 336 346 357 368 377 384 389 378 377 383 390 397 402 408 417 426 434 442 451 460 458 440 430 422 410 412 418 437 481 487 480 483 508 520 531 519 491 484 447 437 444 455 466 473 471 476
42 47 47 49 49 61 67 73 76 82 89 98 108 123 142 147 206 365 475 505 512 458 395 367 364 358 352 345 336 328 318 311 303 300 297 300 303 307 314 322 332 340 351 363 372 381 386 385 374 379 388 395 403 411 417 427 434 442 449 453 456 442 405 382 391 396 403 419 461 521 541 531 544 579 571 558 530 488 470 429 423 439 453 463 470 469 467
53 49 49 51 49 59 67 74 80 83 92 102 116 132 141 164 323 419 442 470 469 438 395 353 351 346 339 334 329 322 314 308 303 300 299 302 305 310 318 327 335 345 356 368 379 388 390 390 387 389 395 403 411 419 426 436 444 448 450 450 447 426 373 360 374 384 396 421 458 516 545 541 547 567 560 528 496 491 472 443 434 451 468 471 472 465 470
50 49 51 55 55 61 68 79 83 95 99 109 122 134 148 260 371 395 419 436 433 416 387 356 347 335 330 326 321 315 310 305 302 300 301 302 307 314 322 330 339 350 363 376 389 400 404 403 399 401 405 410 417 426 434 444 452 452 446 444 441 431 393 371 371 375 382 405 453 513 536 506 501 514 507 480 490 503 497 470 463 463 462 466 470 463 462
52 51 55 57 61 69 75 85 91 104 108 120 131 145 175 275 357 378 400 410 406 393 373 353 341 329 324 319 313 309 305 302 300 300 301 304 309 316 324 332 343 355 369 384 399 413 422 420 414 409 412 415 421 428 436 446 457 449 439 435 431 424 408 392 384 387 396 402 443 504 524 472 467 464 463 464 481 506 505 483 473 469 466 465 462 462 470
54 57 59 63 68 77 81 89 103 114 126 149 182 189 202 250 347 370 383 388 385 377 365 348 333 325 318 313 306 303 300 298 298 298 301 304 311 317 326 335 346 359 374 389 405 422 437 433 423 416 417 418 421 425 430 435 437 421 425 422 421 418 414 411 411 408 412 415 438 474 481 456 461 461 460 461 469 484 489 484 483 474 471 468 472 470 474
56 59 64 70 75 83 89 101 119 133 148 173 196 222 203 238 317 366 368 369 368 369 360 340 329 318 313 307 302 298 296 294 294 296 299 304 310 318 327 337 349 361 376 391 406 421 432 432 426 419 418 418 420 421 421 417 413 404 405 408 411 414 419 425 435 438 421 420 437 454 459 449 450 449 449 454 469 487 493 492 486 483 486 481 480 481 479
58 63 70 76 82 93 99 112 127 140 156 175 196 218 199 244 288 333 345 349 349 358 352 336 322 313 306 301 296 294 292 291 291 294 298 303 311 319 327 338 350 362 376 390 403 416 423 425 423 418 418 417 417 414 408 404 399 394 391 393 399 408 417 428 438 442 435 431 436 446 449 447 444 445 453 466 477 498 503 497 496 492 492 492 490 489 486
62 69 75 81 90 104 110 117 134 146 162 177 195 211 194 233 275 301 313 324 329 338 333 322 313 306 302 296 293 290 288 287 289 291 295 302 310 318 328 338 350 363 375 387 399 409 415 419 417 418 418 416 413 407 400 394 387 382 378 379 388 402 413 424 434 439 437 436 437 441 446 448 449 453 462 473 486 497 504 505 502 499 496 494 496 495 490
68 79 83 88 97 108 119 127 140 152 165 178 192 205 194 225 260 279 298 303 306 314 314 308 303 300 296 294 292 288 286 287 288 290 294 302 310 319 329 339 350 362 373 384 394 402 408 412 413 415 417 415 410 402 393 386 377 371 370 372 382 396 409 420 428 433 435 436 437 439 445 448 453 459 467 478 487 498 504 506 508 503 499 494 492 488 483
78 85 90 96 104 113 123 134 141 156 168 179 191 202 193 225 223 260 281 278 282 294 298 295 294 294 294 293 292 290 290 289 290 289 294 303 313 322 331 340 351 361 370 380 389 396 402 405 411 414 417 415 410 400 390 380 369 363 365 370 380 391 403 415 423 429 432 433 434 438 443 449 456 461 469 477 487 494 502 506 506 508 506 499 492 487 481
75 86 92 99 110 120 129 137 142 158 171 181 190 197 208 216 211 256 253 254 267 278 286 288 289 291 293 294 294 295 295 295 295 295 299 307 316 326 335 342 351 361 368 376 384 390 396 402 408 414 417 418 414 401 391 377 367 362 363 369 378 388 400 411 418 425 429 432 434 437 442 449 454 461 468 478 487 495 499 501 504 499 498 496 492 488 481
81 85 95 104 116 125 134 138 141 162 174 183 191 198 203 206 217 245 238 244 257 268 277 281 286 289 294 297 298 301 302 302 303 305 308 315 323 331 338 346 353 360 367 373 380 385 392 398 405 412 419 423 420 407 391 376 366 362 363 369 376 385 396 406 414 421 427 430 431 435 441 448 454 461 469 479 487 492 496 497 497 497 494 490 487 484 481
86 83 99 106 111 129 140 141 147 167 176 186 191 194 198 203 212 240 232 239 250 262 270 277 283 290 296 300 304 308 310 312 313 315 318 323 329 335 342 347 354 360 366 371 376 381 387 393 400 409 420 430 432 418 393 372 364 361 363 369 375 385 395 404 413 420 424 428 429 433 438 446 452 460 469 478 486 493 495 496 496 494 493 488 485 483 480
83 87 104 109 116 134 143 149 159 170 180 187 191 193 198 202 210 231 230 237 247 257 265 274 282 292 301 309 316 318 319 320 323 325 328 332 337 342 346 351 355 360 365 369 372 377 381 385 393 402 416 434 448 434 396 367 360 361 363 367 375 384 393 401 410 419 425 428 429 430 436 440 449 457 468 477 486 491 493 493 495 495 490 487 480 474 474
85 89 104 117 127 136 145 155 164 173 185 189 191 193 197 202 208 223 226 235 244 254 264 273 283 293 308 321 329 334 332 332 333 334 338 340 344 346 351 355 359 361 364 367 370 373 374 377 382 389 404 426 447 436 398 372 363 361 363 367 374 382 391 399 408 418 425 428 427 425 428 434 444 453 464 474 484 489 489 487 486 488 479 477 469 469 465
85 90 104 118 129 138 146 157 166 176 189 189 188 191 196 202 209 218 225 234 242 252 261 271 284 296 314 332 343 348 344 342 343 344 345 347 350 353 355 358 360 362 363 366 367 368 369 369 369 372 384 406 419 414 393 374 364 362 363 367 372 378 385 395 407 418 427 431 425 418 418 424 435 446 460 473 482 486 488 482 481 477 467 460 462 456 455
82 92 105 119 131 139 146 156 168 175 181 182 186 189 196 204 209 217 224 233 240 250 260 270 283 301 321 340 353 359 354 352 350 351 353 354 357 358 360 361 362 362 363 363 364 364 363 362 362 362 372 386 395 395 384 372 364 362 364 367 371 377 381 389 404 419 432 439 420 403 403 412 424 439 456 469 482 482 478 473 467 460 452 447 441 442 445
82 94 106 119 132 142 150 155 168 170 174 178 181 187 193 204 211 219 225 233 240 248 258 268 282 303 326 345 362 369 362 360 359 359 360 360 362 363 365 364 363 363 362 362 362 361 360 358 358 359 366 373 379 379 374 367 360 360 364 368 372 376 378 386 404 420 431 435 402 388 394 401 413 428 444 462 476 476 472 464 455 449 443 436 431 429 431
83 92 108 120 132 143 152 155 162 166 171 174 178 185 194 205 213 221 228 233 240 247 255 266 280 305 327 346 370 375 370 365 366 364 364 364 366 368 370 367 364 364 362 362 360 358 356 356 355 356 359 363 367 367 366 363 358 359 363 369 373 380 385 396 411 422 426 418 397 388 390 396 403 415 431 445 455 460 459 453 445 439 434 430 424 422 421
85 91 105 120 131 142 148 156 160 166 171 174 175 184 198 210 218 223 230 236 241 248 254 262 277 307 325 345 367 371 370 368 369 367 367 366 367 367 368 367 365 365 362 361 358 357 355 352 353 352 353 355 357 360 360 358 357 358 364 370 377 385 395 409 421 428 424 413 399 390 388 389 394 405 419 428 438 442 442 441 437 430 425 420 415 411 411
83 89 101 120 131 138 147 155 162 170 177 182 184 196 211 219 225 230 234 239 244 249 254 260 277 307 324 343 359 367 368 369 369 369 368 366 365 366 366 367 365 363 361 359 358 355 353 351 349 348 347 348 351 354 355 357 356 357 364 371 380 390 402 417 432 434 422 412 400 393 388 383 385 394 406 416 423 427 430 432 426 421 417 412 405 399 402
82 87 97 111 132 136 146 157 166 176 185 199 212 233 231 231 233 236 240 244 248 253 259 268 286 307 323 340 355 363 366 368 369 368 367 366 364 363 364 365 364 363 361 360 357 356 352 350 347 346 347 348 351 351 353 354 355 357 365 373 382 394 404 417 428 430 421 410 401 392 387 382 377 386 398 407 411 417 421 421 417 411 407 401 395 391 397
77 84 94 107 131 136 146 157 169 181 195 210 220 239 241 240 241 242 246 250 253 258 264 279 296 308 324 342 355 363 365 368 367 367 364 363 361 362 363 363 363 363 361 360 358 354 353 350 346 346 347 349 354 357 354 354 355 356 366 374 383 393 404 412 420 421 415 407 400 392 388 383 379 382 391 401 407 412 414 411 408 403 396 390 385 384 389
76 81 92 102 125 142 148 158 172 186 202 216 230 241 246 246 247 247 251 255 258 263 269 283 304 309 327 346 357 363 365 367 366 365 361 360 357 358 360 361 362 362 361 360 358 355 354 351 347 346 346 347 352 361 356 354 355 357 365 374 382 392 402 409 413 413 411 405 398 391 386 385 384 383 390 397 405 409 410 407 401 394 387 380 376 375 390
73 78 88 99 114 139 155 158 172 191 208 218 232 244 249 250 250 252 257 264 264 270 276 287 305 309 333 352 360 364 366 367 365 362 358 355 353 355 357 359 360 362 362 361 359 356 355 353 350 347 347 348 351 355 354 355 356 358 365 374 382 390 398 403 406 406 403 399 393 389 384 384 383 386 390 395 403 408 413 403 395 386 377 372 367 366 378
68 74 90 112 113 131 158 161 173 192 211 224 238 246 249 251 253 256 265 269 271 280 286 288 298 312 344 359 365 367 367 365 362 359 356 352 349 352 355 359 360 362 363 363 360 358 357 355 354 355 353 350 350 352 356 357 358 356 363 370 380 388 397 401 403 402 397 393 389 384 380 379 379 381 387 392 395 402 405 397 387 377 367 358 355 359 365
62 69 98 123 117 128 154 159 173 192 213 229 241 247 251 251 255 258 269 274 274 286 294 286 292 324 356 365 369 368 366 364 360 356 352 349 344 347 353 357 361 363 366 364 361 360 359 358 360 365 369 366 362 360 360 361 360 357 362 369 376 385 396 400 398 397 393 387 383 379 376 375 377 380 382 382 384 389 389 384 377 368 358 349 340 337 354
