layers/bio17_SA.asc
ncols        300
nrows        420
xllcorner    -83.000000000000
yllcorner    -57.000000000000
cellsize     0.166666666667
NODATA_value  -9999
[rows 0 to 39 of 420, columns 0 to 89 of 300]
-9999 -9999 -9999 -9999 -9999 -9999 -9999 -9999 -9999 -9999 -9999 -9999 -9999 -9999 -9999 -9999 -9999 -9999 -9999 -9999 -9999 -9999 -9999 -9999 -9999 -9999 -9999 -9999 -9999 -9999 -9999 -9999 -9999 -9999 -9999 -9999 -9999 -9999 -9999 -9999 -9999 -9999 -9999 -9999 -9999 -9999 -9999 -9999 -9999 -9999 -9999 -9999 -9999 -9999 -9999 -9999 -9999 -9999 -9999 -9999 -9999 -9999 -9999 -9999 -9999 -9999 -9999 -9999 -9999 -9999 -9999 -9999 -9999 -9999 -9999 -9999 -9999 -9999 -9999 -9999 -9999 -9999 -9999 -9999 -9999 -9999 -9999 -9999 -9999 -9999
-9999 -9999 -9999 -9999 -9999 -9999 -9999 -9999 -9999 -9999 -9999 -9999 -9999 -9999 -9999 -9999 -9999 -9999 -9999 -9999 -9999 -9999 -9999 -9999 -9999 -9999 -9999 -9999 -9999 -9999 -9999 -9999 -9999 -9999 -9999 -9999 -9999 -9999 -9999 -9999 -9999 -9999 -9999 -9999 -9999 -9999 -9999 -9999 -9999 -9999 -9999 -9999 -9999 -9999 -9999 -9999 -9999 -9999 -9999 -9999 -9999 -9999 -9999 -9999 -9999 -9999 -9999 -9999 -9999 -9999 -9999 -9999 -9999 -9999 -9999 -9999 -9999 -9999 -9999 -9999 -9999 -9999 -9999 -9999 -9999 -9999 -9999 -9999 -9999 -9999
-9999 -9999 -9999 -9999 -9999 -9999 -9999 -9999 -9999 -9999 -9999 -9999 -9999 -9999 -9999 -9999 -9999 -9999 -9999 -9999 -9999 -9999 -9999 -9999 -9999 -9999 -9999 -9999 -9999 -9999 -9999 -9999 -9999 -9999 -9999 -9999 -9999 -9999 -9999 -9999 -9999 -9999 -9999 -9999 -9999 -9999 -9999 -9999 -9999 -9999 -9999 -9999 -9999 -9999 -9999 -9999 -9999 -9999 -9999 -9999 -9999 -9999 -9999 -9999 -9999 -9999 -9999 -9999 -9999 -9999 -9999 -9999 -9999 -9999 -9999 -9999 -9999 34 41 -9999 -9999 -9999 -9999 -9999 -9999 -9999 -9999 -9999 -9999 -9999
-9999 -9999 -9999 -9999 -9999 -9999 -9999 -9999 -9999 -9999 -9999 -9999 -9999 -9999 -9999 -9999 -9999 -9999 -9999 -9999 -9999 -9999 -9999 -9999 -9999 -9999 -9999 -9999 -9999 -9999 -9999 -9999 -9999 -9999 -9999 -9999 -9999 -9999 -9999 -9999 -9999 -9999 -9999 -9999 -9999 -9999 -9999 -9999 -9999 -9999 -9999 -9999 -9999 -9999 -9999 -9999 -9999 -9999 -9999 -9999 -9999 -9999 -9999 -9999 -9999 -9999 8 11 14 20 24 -9999 -9999 -9999 -9999 -9999 -9999 39 44 -9999 -9999 -9999 -9999 62 -9999 -9999 -9999 -9999 -9999 -9999
123 -9999 -9999 -9999 -9999 -9999 -9999 -9999 -9999 -9999 -9999 -9999 -9999 -9999 -9999 -9999 -9999 -9999 -9999 -9999 -9999 -9999 -9999 -9999 -9999 -9999 -9999 -9999 -9999 -9999 -9999 -9999 -9999 -9999 -9999 -9999 -9999 -9999 -9999 -9999 -9999 -9999 -9999 -9999 -9999 -9999 -9999 -9999 -9999 -9999 -9999 -9999 -9999 -9999 -9999 -9999 -9999 -9999 -9999 -9999 -9999 -9999 -9999 -9999 4 3 6 9 15 21 27 29 -9999 -9999 -9999 -9999 -9999 43 45 -9999 -9999 -9999 -9999 52 53 -9999 -9999 44 46 -9999
-9999 -9999 -9999 -9999 -9999 -9999 -9999 -9999 -9999 -9999 -9999 -9999 -9999 -9999 -9999 -9999 -9999 -9999 -9999 -9999 -9999 -9999 -9999 -9999 -9999 -9999 -9999 -9999 -9999 -9999 -9999 -9999 -9999 -9999 -9999 -9999 -9999 -9999 -9999 -9999 -9999 -9999 -9999 -9999 -9999 -9999 -9999 -9999 -9999 -9999 -9999 -9999 -9999 -9999 -9999 -9999 -9999 -9999 -9999 -9999 -9999 -9999 -9999 -9999 4 4 5 9 16 23 27 28 -9999 -9999 -9999 -9999 32 42 48 48 -9999 -9999 -9999 48 58 58 -9999 -9999 46 -9999
-9999 -9999 -9999 -9999 -9999 -9999 -9999 -9999 -9999 -9999 -9999 -9999 -9999 -9999 -9999 -9999 -9999 -9999 -9999 -9999 -9999 -9999 -9999 -9999 -9999 -9999 -9999 -9999 -9999 -9999 -9999 -9999 -9999 -9999 -9999 -9999 -9999 -9999 -9999 -9999 -9999 -9999 -9999 -9999 -9999 -9999 -9999 -9999 -9999 -9999 -9999 -9999 -9999 -9999 -9999 -9999 -9999 -9999 -9999 -9999 -9999 -9999 -9999 11 10 8 8 10 13 19 24 -9999 -9999 -9999 -9999 -9999 28 38 50 42 -9999 -9999 -9999 -9999 -9999 -9999 58 -9999 -9999 -9999
-9999 -9999 -9999 -9999 -9999 -9999 -9999 -9999 -9999 -9999 -9999 -9999 -9999 -9999 -9999 -9999 -9999 -9999 -9999 -9999 -9999 -9999 -9999 -9999 -9999 -9999 -9999 -9999 -9999 -9999 -9999 -9999 -9999 -9999 -9999 -9999 -9999 -9999 -9999 -9999 -9999 -9999 -9999 -9999 -9999 -9999 -9999 -9999 -9999 -9999 -9999 -9999 -9999 -9999 -9999 -9999 -9999 -9999 -9999 -9999 -9999 4 8 13 18 21 12 11 11 16 -9999 -9999 -9999 -9999 -9999 -9999 22 29 39 39 -9999 -9999 -9999 -9999 -9999 -9999 -9999 -9999 -9999 -9999
-9999 -9999 -9999 -9999 -9999 -9999 -9999 -9999 -9999 -9999 -9999 -9999 -9999 -9999 -9999 -9999 -9999 -9999 -9999 -9999 -9999 -9999 -9999 -9999 -9999 -9999 -9999 -9999 -9999 -9999 -9999 -9999 -9999 -9999 -9999 -9999 -9999 -9999 -9999 -9999 -9999 -9999 -9999 -9999 -9999 -9999 -9999 -9999 -9999 -9999 -9999 -9999 -9999 -9999 -9999 -9999 -9999 -9999 -9999 9 6 6 8 11 17 17 11 8 -9999 -9999 -9999 -9999 -9999 -9999 -9999 -9999 19 24 30 37 61 107 129 -9999 -9999 -9999 -9999 -9999 -9999 -9999
-9999 -9999 -9999 -9999 -9999 -9999 -9999 -9999 -9999 -9999 -9999 -9999 -9999 -9999 -9999 -9999 -9999 -9999 -9999 -9999 -9999 -9999 -9999 -9999 -9999 -9999 -9999 -9999 -9999 -9999 -9999 -9999 -9999 -9999 -9999 -9999 -9999 -9999 -9999 -9999 -9999 -9999 -9999 -9999 -9999 -9999 -9999 -9999 -9999 -9999 -9999 -9999 -9999 27 38 -9999 -9999 -9999 31 18 14 14 15 16 19 16 12 -9999 -9999 -9999 -9999 -9999 -9999 -9999 -9999 -9999 14 20 28 38 68 125 137 129 109 99 96 -9999 -9999 -9999
-9999 -9999 -9999 -9999 -9999 -9999 -9999 -9999 -9999 -9999 -9999 -9999 -9999 -9999 -9999 -9999 -9999 -9999 -9999 -9999 -9999 -9999 -9999 -9999 -9999 -9999 -9999 -9999 -9999 -9999 -9999 -9999 -9999 -9999 -9999 -9999 -9999 -9999 -9999 -9999 -9999 -9999 -9999 -9999 -9999 -9999 -9999 -9999 -9999 -9999 -9999 -9999 10 41 64 81 78 64 46 30 27 33 29 24 23 20 15 -9999 -9999 -9999 -9999 -9999 13 13 13 14 15 19 44 82 117 150 139 120 111 103 107 110 -9999 -9999
-9999 -9999 -9999 -9999 -9999 -9999 -9999 -9999 -9999 -9999 -9999 -9999 -9999 -9999 -9999 -9999 -9999 -9999 -9999 -9999 -9999 -9999 -9999 -9999 -9999 -9999 -9999 -9999 -9999 -9999 -9999 -9999 -9999 -9999 -9999 -9999 -9999 -9999 -9999 -9999 -9999 -9999 -9999 -9999 -9999 -9999 -9999 -9999 0 0 0 -9999 14 94 107 100 115 102 86 40 39 37 34 34 30 25 19 15 12 -9999 12 14 16 14 13 17 19 23 39 76 107 112 106 116 123 128 128 115 114 -9999
-9999 -9999 -9999 -9999 -9999 -9999 -9999 -9999 -9999 -9999 -9999 -9999 -9999 -9999 -9999 -9999 -9999 -9999 -9999 -9999 -9999 -9999 -9999 -9999 -9999 -9999 -9999 -9999 -9999 -9999 -9999 -9999 -9999 -9999 -9999 -9999 -9999 -9999 -9999 -9999 -9999 -9999 -9999 -9999 -9999 -9999 5 4 6 2 1 2 5 76 187 201 201 191 142 47 36 39 55 45 38 27 23 17 11 8 11 20 25 24 24 29 29 24 26 41 64 78 94 114 128 142 149 131 126 -9999
-9999 -9999 -9999 -9999 -9999 -9999 -9999 -9999 -9999 -9999 -9999 -9999 -9999 -9999 -9999 -9999 -9999 -9999 -9999 -9999 -9999 -9999 -9999 -9999 -9999 -9999 -9999 -9999 -9999 -9999 -9999 -9999 -9999 -9999 -9999 -9999 -9999 -9999 -9999 -9999 -9999 -9999 -9999 -9999 -9999 5 5 15 20 13 9 8 11 59 162 216 215 170 77 43 38 71 72 64 48 28 22 14 8 11 20 38 48 42 40 37 32 29 32 41 43 53 70 89 114 145 157 149 134 -9999
-9999 -9999 -9999 -9999 -9999 -9999 -9999 -9999 -9999 -9999 -9999 -9999 -9999 -9999 -9999 -9999 -9999 -9999 -9999 -9999 -9999 -9999 -9999 -9999 -9999 -9999 -9999 -9999 -9999 -9999 -9999 -9999 -9999 -9999 -9999 -9999 -9999 -9999 -9999 -9999 -9999 -9999 -9999 -9999 4 7 16 21 32 24 23 25 30 59 109 174 191 132 67 53 89 120 88 85 64 38 22 14 9 14 32 58 67 56 48 44 43 40 29 26 32 37 47 68 101 131 152 157 150 -9999
-9999 -9999 -9999 -9999 -9999 -9999 -9999 -9999 -9999 -9999 -9999 -9999 -9999 -9999 -9999 -9999 -9999 -9999 -9999 -9999 -9999 -9999 -9999 -9999 -9999 -9999 -9999 -9999 -9999 -9999 -9999 -9999 -9999 -9999 -9999 -9999 -9999 -9999 -9999 -9999 -9999 -9999 -9999 -9999 3 13 34 34 31 30 40 51 62 75 66 97 133 70 55 81 174 155 113 93 64 43 26 15 9 21 42 75 82 71 62 61 58 53 42 34 30 30 35 48 72 97 140 127 107 109
-9999 -9999 -9999 -9999 -9999 -9999 -9999 -9999 -9999 -9999 -9999 -9999 -9999 -9999 -9999 -9999 -9999 -9999 -9999 -9999 -9999 -9999 -9999 -9999 -9999 -9999 -9999 -9999 -9999 -9999 -9999 -9999 -9999 -9999 -9999 -9999 -9999 -9999 -9999 -9999 -9999 -9999 -9999 8 10 29 51 51 38 45 60 73 89 93 64 55 69 59 77 142 183 164 128 86 58 43 30 22 -9999 25 42 66 85 87 80 66 59 54 55 47 32 33 25 45 49 76 71 50 45 41
-9999 -9999 -9999 -9999 -9999 -9999 -9999 -9999 -9999 -9999 -9999 -9999 -9999 -9999 -9999 -9999 -9999 -9999 -9999 -9999 -9999 -9999 -9999 -9999 -9999 -9999 -9999 -9999 -9999 -9999 -9999 -9999 -9999 -9999 -9999 -9999 -9999 -9999 -9999 -9999 -9999 -9999 -9999 11 23 39 75 85 59 58 70 84 96 99 81 60 54 66 101 162 184 165 118 74 54 46 37 -9999 -9999 -9999 31 53 89 99 95 84 71 86 74 55 34 27 22 22 28 39 44 29 31 30
541 -9999 -9999 -9999 -9999 -9999 -9999 -9999 -9999 -9999 -9999 -9999 -9999 -9999 -9999 -9999 -9999 -9999 -9999 -9999 -9999 -9999 -9999 -9999 -9999 -9999 -9999 -9999 -9999 -9999 -9999 -9999 -9999 -9999 -9999 -9999 -9999 -9999 -9999 -9999 -9999 -9999 -9999 -9999 35 57 108 103 71 67 76 91 104 112 85 65 57 69 110 165 185 171 116 77 58 52 -9999 -9999 -9999 -9999 39 69 103 116 115 113 99 93 84 57 46 57 40 25 26 34 39 36 37 37
529 448 -9999 -9999 -9999 -9999 -9999 -9999 -9999 -9999 -9999 -9999 -9999 -9999 -9999 -9999 -9999 -9999 -9999 -9999 -9999 -9999 -9999 -9999 -9999 -9999 -9999 -9999 -9999 -9999 -9999 -9999 -9999 -9999 -9999 -9999 -9999 -9999 -9999 -9999 -9999 -9999 18 23 34 67 107 107 74 67 75 93 109 113 95 85 90 98 127 175 194 166 118 85 67 65 -9999 -9999 -9999 -9999 -9999 103 111 122 132 129 112 113 104 74 77 56 40 36 30 30 33 35 32 30
468 478 506 497 -9999 -9999 -9999 -9999 -9999 -9999 -9999 -9999 -9999 -9999 -9999 -9999 -9999 -9999 -9999 253 222 196 173 159 153 -9999 -9999 -9999 -9999 -9999 -9999 -9999 -9999 -9999 -9999 -9999 -9999 -9999 -9999 -9999 -9999 -9999 -9999 -9999 28 55 97 93 61 59 72 95 102 101 95 100 114 122 152 189 192 148 112 85 75 75 81 -9999 -9999 -9999 -9999 135 127 120 136 141 111 106 117 107 81 52 42 47 32 29 30 28 22 20
308 423 489 492 517 539 -9999 -9999 -9999 -9999 -9999 -9999 -9999 -9999 -9999 -9999 -9999 -9999 189 209 233 232 193 134 132 147 139 121 93 -9999 -9999 -9999 -9999 -9999 -9999 -9999 -9999 -9999 -9999 -9999 30 32 30 32 30 46 79 71 50 46 60 80 92 92 90 94 102 135 167 200 199 144 102 80 77 86 103 128 -9999 -9999 -9999 174 158 142 145 124 92 112 128 105 68 38 36 37 34 32 30 26 20 16
204 227 349 421 483 546 614 -9999 -9999 -9999 -9999 -9999 -9999 -9999 -9999 -9999 302 229 181 138 106 140 125 96 100 112 112 110 100 73 50 -9999 -9999 -9999 -9999 -9999 -9999 -9999 -9999 -9999 34 36 40 49 52 66 68 54 47 47 49 63 81 92 96 105 130 144 176 219 225 166 96 77 80 94 123 152 -9999 -9999 236 219 186 107 95 76 84 116 100 64 41 32 33 39 43 35 30 25 21 17
170 166 272 391 448 559 617 608 545 -9999 -9999 -9999 -9999 443 450 396 310 207 131 88 61 60 38 26 56 79 65 74 96 89 74 74 -9999 -9999 -9999 -9999 -9999 -9999 -9999 -9999 39 42 56 68 65 69 67 53 54 59 60 69 87 89 105 123 133 144 187 255 294 225 134 98 95 107 141 186 233 249 242 216 104 61 51 53 97 106 68 48 37 33 34 42 44 35 29 25 22 17
181 126 164 255 415 513 604 581 508 -9999 -9999 289 303 354 393 348 258 171 94 66 66 62 -9999 19 32 51 65 66 68 68 79 87 91 -9999 -9999 -9999 -9999 -9999 -9999 73 49 45 53 58 70 71 65 56 61 71 72 77 96 100 100 121 133 140 194 270 378 326 205 141 122 141 175 223 254 257 198 112 58 42 51 90 108 67 46 38 34 31 32 35 36 34 28 24 21 18
175 169 136 204 325 396 415 380 324 253 219 204 208 207 218 204 174 94 63 52 42 -9999 -9999 12 22 25 28 51 51 53 67 90 100 112 -9999 -9999 -9999 -9999 112 89 66 60 57 65 75 68 57 48 51 59 75 96 104 96 73 88 120 126 166 253 375 322 238 199 189 211 247 287 263 159 91 72 47 41 99 134 82 46 32 30 30 28 27 29 30 28 26 23 21 18
251 173 182 186 247 289 288 272 247 212 165 146 136 112 86 96 85 40 41 36 23 -9999 -9999 13 -9999 -9999 20 28 40 46 61 84 114 132 163 -9999 164 155 136 111 92 82 79 76 73 60 53 52 59 63 84 120 116 82 53 60 103 113 183 286 345 317 263 255 282 313 339 338 206 92 91 83 52 93 115 83 54 37 26 26 26 26 26 27 28 26 24 22 20 17
195 147 122 117 150 179 203 183 129 71 79 82 78 47 24 30 38 28 23 -9999 -9999 -9999 -9999 13 16 15 -9999 27 37 51 67 86 115 146 177 192 -9999 190 171 141 112 92 86 79 73 67 70 90 101 116 149 179 144 101 52 49 96 90 122 231 331 373 335 345 396 388 306 180 101 78 76 73 76 95 74 55 41 30 23 20 17 21 29 29 28 26 24 22 19 18
120 104 102 98 113 132 132 109 78 62 67 66 54 34 15 16 24 -9999 -9999 -9999 -9999 -9999 -9999 13 16 -9999 -9999 -9999 50 61 73 89 119 152 175 203 225 233 205 172 136 106 97 89 86 84 89 110 136 167 208 212 156 129 73 55 90 104 96 163 284 371 396 440 452 326 113 95 85 73 61 56 75 75 58 46 37 28 23 23 17 25 34 31 29 26 23 20 19 18
97 -9999 -9999 88 90 97 111 96 83 85 88 63 46 28 15 14 -9999 -9999 -9999 -9999 -9999 -9999 -9999 -9999 -9999 -9999 -9999 40 60 76 86 97 127 155 181 206 238 276 239 196 168 144 125 108 101 99 105 135 174 225 245 231 171 152 89 86 113 166 82 111 216 253 267 291 269 118 101 71 69 54 54 61 77 68 55 44 37 32 31 31 30 34 38 35 30 27 23 21 19 18
-9999 -9999 -9999 -9999 -9999 92 -9999 91 94 95 83 59 45 18 15 17 17 -9999 -9999 -9999 -9999 -9999 -9999 -9999 -9999 -9999 -9999 53 65 82 100 125 132 149 175 199 226 266 249 208 199 175 154 133 123 120 135 168 218 281 284 246 198 172 102 102 131 217 111 97 160 221 149 148 98 90 86 70 68 67 79 77 76 63 52 45 40 37 38 39 41 40 38 36 31 27 24 21 19 18
-9999 -9999 -9999 -9999 -9999 -9999 -9999 91 92 87 65 60 55 48 31 24 18 18 -9999 -9999 -9999 -9999 -9999 -9999 -9999 -9999 -9999 -9999 82 98 103 145 144 152 166 187 210 238 254 225 225 198 180 166 159 147 169 219 277 330 313 253 231 189 128 121 132 198 213 112 148 262 218 136 97 98 102 110 111 95 85 78 71 60 51 47 43 42 43 44 47 44 41 37 32 28 24 21 19 18
-9999 -9999 -9999 -9999 -9999 -9999 86 87 -9999 68 61 57 55 53 41 28 15 10 8 -9999 -9999 -9999 -9999 -9999 -9999 -9999 -9999 -9999 69 88 131 131 170 160 163 177 198 220 264 221 233 229 202 212 221 216 250 288 335 371 335 281 259 206 153 145 166 206 308 146 126 194 162 120 139 155 144 119 112 92 80 71 66 56 50 47 46 48 47 48 46 41 39 36 32 29 27 24 19 18
-9999 -9999 -9999 -9999 77 -9999 84 84 80 -9999 59 -9999 45 47 38 29 19 9 -9999 -9999 -9999 -9999 -9999 -9999 -9999 -9999 -9999 -9999 -9999 88 129 143 171 169 174 182 223 271 337 246 216 199 222 267 293 339 368 361 380 384 343 305 282 242 147 155 194 219 299 193 108 102 105 93 132 205 173 130 109 96 79 69 62 53 49 48 50 52 49 45 40 38 37 38 33 28 24 23 20 20
-9999 -9999 -9999 -9999 -9999 -9999 -9999 79 79 -9999 -9999 -9999 43 49 36 24 -9999 -9999 -9999 -9999 -9999 -9999 -9999 -9999 -9999 -9999 -9999 -9999 -9999 -9999 145 162 200 218 222 244 286 339 390 328 269 243 293 295 326 372 402 392 374 357 327 308 298 231 175 190 241 269 288 230 114 95 103 173 208 277 223 162 125 107 85 68 60 50 44 44 41 40 40 39 39 40 38 39 39 30 24 20 19 20
-9999 -9999 -9999 -9999 -9999 -9999 -9999 -9999 -9999 -9999 -9999 -9999 -9999 -9999 -9999 -9999 -9999 -9999 -9999 -9999 -9999 -9999 -9999 -9999 -9999 -9999 -9999 -9999 -9999 -9999 153 190 235 269 299 334 375 409 393 325 276 298 317 230 308 355 351 346 340 303 295 302 284 245 238 247 277 293 234 201 120 109 114 183 337 372 272 190 139 112 96 72 57 44 39 37 36 34 36 37 40 46 43 42 43 32 28 23 22 22
-9999 -9999 -9999 -9999 -9999 -9999 -9999 -9999 -9999 -9999 -9999 -9999 -9999 -9999 -9999 -9999 -9999 -9999 -9999 -9999 -9999 -9999 -9999 -9999 -9999 -9999 -9999 -9999 -9999 -9999 -9999 262 298 349 399 449 487 505 418 324 269 243 253 245 329 299 301 325 301 279 273 282 268 270 273 275 305 270 201 163 161 126 110 163 278 364 300 209 158 124 101 80 59 46 40 37 36 36 36 38 47 51 49 44 40 39 36 31 29 28
-9999 -9999 -9999 -9999 -9999 -9999 -9999 -9999 -9999 -9999 -9999 -9999 -9999 -9999 -9999 -9999 -9999 -9999 -9999 -9999 -9999 -9999 -9999 -9999 -9999 -9999 -9999 -9999 -9999 -9999 -9999 -9999 377 434 514 596 633 633 470 375 314 256 210 288 300 264 284 283 293 274 267 254 251 261 279 302 330 245 176 138 143 150 125 123 131 190 262 217 170 134 109 84 65 52 45 40 39 38 39 41 54 54 53 48 41 39 38 37 35 34
-9999 -9999 -9999 -9999 -9999 -9999 -9999 -9999 -9999 -9999 -9999 -9999 -9999 -9999 -9999 -9999 -9999 -9999 -9999 -9999 -9999 -9999 -9999 -9999 -9999 -9999 -9999 -9999 -9999 -9999 -9999 -9999 421 539 637 783 848 799 624 488 369 348 222 193 261 219 266 289 296 294 267 232 250 274 311 354 332 275 168 186 184 150 127 140 125 108 183 205 165 133 108 87 69 58 51 46 43 43 45 49 59 61 59 56 52 49 47 45 44 42
-9999 -9999 -9999 -9999 -9999 -9999 -9999 -9999 -9999 -9999 -9999 -9999 -9999 -9999 -9999 -9999 -9999 -9999 -9999 -9999 -9999 -9999 -9999 -9999 -9999 -9999 -9999 -9999 -9999 -9999 -9999 -9999 -9999 638 730 910 1020 974 787 607 415 368 242 179 230 215 289 359 336 306 273 244 289 353 396 419 364 305 270 270 229 174 131 127 150 107 180 181 151 127 105 87 73 62 56 52 50 50 51 56 64 70 69 66 65 60 58 56 54 52
