layers/bio11_SA.asc
ncols        300
nrows        420
xllcorner    -83.000000000000
yllcorner    -57.000000000000
cellsize     0.166666666667
NODATA_value  -9999
[rows 117 to 155 of 420, columns 86 to 171 of 300]
251 251 251 252 251 251 251 252 252 253 253 254 255 256 257 257 257 257 257 258 258 259 260 259 260 260 259 259 259 259 260 260 260 260 260 260 260 260 259 259 259 259 259 259 259 259 259 259 260 261 259 260 258 259 259 259 260 262 260 260 261 262 261 259 262 261 261 263 261 255 256 257 252 251 254 255 255 253 253 253 251 251 251 250 248 249
250 251 250 250 250 251 251 252 252 253 254 254 255 255 255 256 256 257 257 258 258 259 259 260 260 260 259 259 259 259 259 259 259 260 260 260 261 260 259 259 259 259 259 259 259 259 258 259 259 260 258 260 257 257 259 257 258 262 260 260 260 260 256 256 259 259 261 262 260 256 257 256 252 253 254 255 253 252 254 252 248 249 250 251 248 248
249 249 249 249 250 250 251 252 252 252 253 254 254 254 255 255 256 256 257 257 258 259 258 259 259 259 259 259 258 259 259 259 259 260 260 260 260 260 260 259 259 259 259 259 258 259 259 258 259 259 258 258 256 256 257 256 258 262 261 260 257 260 256 255 257 257 260 262 260 257 257 255 252 253 254 253 251 252 253 252 251 251 251 250 248 246
247 248 248 248 249 249 250 251 251 252 252 252 253 254 255 255 256 256 256 257 257 258 259 259 259 258 258 258 258 258 258 258 259 260 260 260 259 259 259 259 259 258 258 258 258 259 259 259 258 258 258 257 257 257 256 255 256 260 262 260 258 258 259 259 257 255 256 260 259 257 257 255 251 253 255 252 252 253 253 252 248 251 250 248 249 246
247 247 247 247 248 249 249 249 250 251 252 252 253 254 254 255 255 256 256 256 257 258 259 258 258 258 258 258 258 258 258 258 259 259 260 259 259 259 259 258 258 258 258 257 258 258 258 258 258 257 254 255 256 256 257 256 256 260 261 260 257 259 259 261 259 255 254 257 257 257 255 254 253 253 254 252 253 251 250 253 248 248 250 249 248 247
246 247 247 248 248 249 249 249 250 251 251 252 253 254 254 254 255 255 256 256 257 258 258 258 258 257 258 258 258 258 258 258 259 259 259 259 258 258 258 258 258 257 257 256 257 257 257 258 258 256 254 254 253 256 256 254 254 258 259 259 256 258 259 260 261 258 256 253 255 255 252 253 253 252 254 252 251 251 250 252 249 247 248 250 249 247
245 246 245 246 247 247 249 249 250 250 251 253 253 254 255 255 255 255 256 257 257 257 257 257 257 257 257 257 257 257 257 258 258 259 258 258 257 257 258 257 257 257 256 256 256 256 256 257 257 255 256 256 254 253 254 252 252 255 255 258 257 258 259 258 260 260 260 257 252 252 252 252 251 253 253 251 250 250 251 251 251 248 249 249 248 247
243 244 244 245 246 247 247 248 250 251 252 252 253 253 254 255 256 256 257 256 256 257 256 256 257 257 257 256 256 256 256 257 257 258 258 257 257 257 257 256 256 256 255 255 256 256 256 256 257 256 256 256 255 252 253 251 252 252 255 256 257 257 258 258 259 258 259 259 253 250 248 251 252 253 252 251 249 250 250 251 251 249 249 249 249 248
242 243 244 244 245 246 247 248 250 251 251 251 252 253 253 253 254 255 255 255 256 256 256 256 256 256 256 256 256 256 256 256 256 257 257 255 255 255 255 255 255 255 254 254 255 255 254 254 255 255 256 255 254 252 252 252 252 253 254 254 255 257 257 257 258 258 258 258 256 251 247 249 252 251 251 251 250 249 249 250 250 248 249 248 248 247
242 243 244 243 244 245 247 248 249 250 251 251 251 252 253 253 254 254 255 256 256 255 255 256 256 255 255 255 255 255 255 255 255 256 256 255 254 255 254 255 254 254 254 252 253 254 253 253 254 254 254 255 254 252 254 254 252 250 253 251 255 255 256 255 256 258 256 257 256 249 246 245 246 245 250 250 249 248 249 250 249 248 248 249 247 246
240 241 241 243 244 244 246 247 249 250 250 250 251 252 253 253 254 254 255 255 255 255 255 255 255 255 254 254 254 254 254 255 254 255 255 254 254 254 254 254 254 254 253 251 252 253 252 252 253 253 252 253 253 254 254 253 251 250 251 251 255 254 254 256 255 256 256 257 251 247 245 241 241 239 238 239 246 247 249 250 247 248 245 248 247 245
239 239 241 242 243 245 245 248 249 249 249 250 251 252 253 253 254 255 254 255 255 254 255 254 255 254 254 254 253 253 254 254 253 253 253 253 253 253 253 253 253 253 252 252 251 251 252 251 251 252 252 252 253 253 253 252 249 249 250 253 253 253 251 255 255 255 256 255 249 248 246 244 242 239 237 235 235 238 245 248 247 248 247 247 247 245
238 239 240 241 242 244 246 247 248 249 249 251 251 251 252 253 253 254 254 254 255 255 255 254 254 254 253 253 253 253 254 252 252 252 252 252 252 252 252 252 252 252 250 250 250 250 251 250 250 251 251 251 252 252 252 253 252 247 249 253 249 251 247 253 253 254 256 256 252 253 250 249 246 245 243 241 238 237 237 243 247 247 247 246 247 244
236 238 239 239 241 243 245 248 249 249 249 250 251 252 252 253 254 254 254 254 254 255 255 254 254 253 253 252 252 252 252 252 251 251 251 251 250 251 251 251 251 250 249 249 249 250 249 250 247 250 249 249 250 251 251 252 251 247 251 252 248 250 247 251 247 251 253 253 253 254 253 253 251 251 248 248 247 241 237 235 232 238 241 238 244 243
236 236 237 239 243 245 246 248 249 249 249 250 251 251 253 253 254 254 254 254 255 255 254 254 253 253 253 252 252 252 251 251 251 250 250 250 250 250 250 250 250 249 249 248 249 248 249 249 247 249 249 247 248 249 250 251 251 249 248 247 248 249 247 251 249 250 251 253 254 253 252 253 253 252 251 250 247 243 239 235 233 234 236 234 238 243
235 237 239 241 243 244 246 247 248 249 250 250 251 252 251 252 252 254 254 254 254 254 253 254 254 254 253 252 252 251 251 251 251 250 249 249 249 249 248 248 248 248 248 247 247 247 246 247 247 248 248 248 246 248 249 251 250 250 250 247 248 248 248 248 248 244 248 251 252 254 253 253 252 252 251 251 249 245 241 239 235 234 233 231 233 242
235 236 238 241 243 244 246 248 247 249 250 250 252 252 252 251 252 253 254 253 251 253 253 254 254 254 252 251 251 251 250 250 250 249 249 248 248 247 246 246 247 246 246 246 246 245 246 247 246 247 247 246 246 247 248 249 248 248 246 246 247 246 246 248 247 244 244 246 247 251 250 250 250 251 252 251 249 246 244 240 237 235 234 232 236 243
235 237 240 242 243 245 247 248 248 249 250 251 252 252 252 252 251 253 253 253 253 254 255 255 254 254 252 250 250 250 250 249 249 249 247 247 247 245 246 246 245 245 245 245 245 244 245 245 246 245 246 246 246 245 247 248 248 247 244 244 246 246 247 247 247 245 244 246 248 250 247 249 249 249 246 248 248 247 243 245 240 239 237 235 238 242
237 239 241 243 245 247 248 248 248 250 250 251 251 251 253 253 254 253 254 256 256 255 255 254 253 253 253 252 250 250 249 249 249 248 248 246 245 243 244 245 244 244 244 244 244 243 243 243 244 244 245 243 242 244 245 247 245 243 241 242 244 245 246 245 246 246 245 248 249 249 248 248 249 249 249 249 249 246 246 245 243 242 240 238 239 243
238 240 242 244 246 247 249 248 250 250 250 251 251 252 253 254 255 255 256 257 257 256 255 254 253 253 253 251 249 249 249 248 248 248 246 245 243 244 244 243 244 243 243 242 243 242 242 243 243 242 243 244 243 243 244 246 245 245 244 242 243 243 245 245 245 245 244 247 247 247 249 247 249 248 248 249 249 249 249 247 247 244 245 242 240 243
240 241 243 245 247 249 249 249 249 250 251 252 253 254 253 254 255 256 256 257 257 256 256 254 252 252 252 250 249 249 248 246 247 247 246 244 243 243 242 243 242 242 241 241 241 241 241 242 241 241 240 242 240 241 243 244 245 244 244 243 242 241 244 244 244 245 245 245 246 246 248 248 247 247 248 247 248 249 249 249 248 249 247 244 245 242
241 243 245 247 249 249 249 250 249 250 252 252 252 253 254 254 255 256 256 257 257 256 255 254 253 253 252 250 249 249 247 246 246 247 246 243 242 241 242 242 241 240 238 239 238 238 241 240 241 240 239 240 238 241 242 242 243 243 244 242 242 242 243 242 242 243 245 243 244 246 248 246 247 246 246 246 247 247 248 248 248 249 248 247 245 242
241 244 245 247 248 248 248 249 251 251 251 251 252 253 254 254 254 256 256 257 258 256 255 254 253 253 252 250 249 249 246 245 246 246 244 243 241 242 242 240 240 239 235 237 237 239 239 239 240 239 238 238 236 238 236 236 236 239 241 241 240 242 242 242 242 242 242 238 239 243 246 245 245 245 244 246 247 248 248 248 248 248 248 246 244 243
241 243 245 247 248 247 248 249 250 250 250 251 251 252 253 254 256 257 257 258 258 257 256 254 253 252 251 250 247 248 245 244 245 243 242 240 241 241 240 239 238 238 236 235 234 238 237 237 239 237 236 234 236 235 233 234 235 232 234 238 240 241 241 240 233 236 237 239 241 242 243 243 242 242 243 246 247 247 247 247 246 245 245 246 246 242
241 244 246 247 247 247 247 249 249 249 250 250 251 251 252 255 256 257 258 259 259 257 256 252 251 247 247 244 247 246 242 243 244 241 239 240 241 238 237 238 237 237 234 234 235 237 236 236 236 234 233 232 234 230 232 234 233 231 230 233 238 239 238 238 235 233 236 239 240 241 242 243 242 241 243 245 246 246 246 246 245 244 242 243 244 241
239 242 244 245 246 247 248 248 248 249 249 250 250 252 253 254 256 257 259 260 259 257 256 256 255 250 246 242 241 238 235 239 242 239 239 241 238 236 236 238 238 237 233 231 235 234 233 234 235 236 234 230 230 231 230 232 231 231 231 235 236 239 239 240 241 238 236 237 239 240 241 242 242 243 245 245 246 244 244 244 243 241 242 242 241 239
236 238 241 243 245 245 246 247 247 249 249 250 251 251 252 254 256 256 258 258 259 258 255 254 254 252 249 245 239 231 225 240 241 238 239 237 236 233 236 237 237 236 230 231 233 233 232 233 233 233 231 227 229 228 229 230 230 231 231 233 236 238 238 237 240 242 242 240 239 238 239 240 240 242 243 243 245 242 241 240 238 238 239 240 239 241
233 237 240 242 243 244 247 247 248 248 249 250 251 251 251 253 254 256 258 258 258 258 256 255 253 252 250 250 247 240 238 239 238 236 237 237 236 236 236 236 236 232 227 231 231 231 231 230 230 231 230 227 229 225 227 228 229 228 229 233 234 237 238 236 238 240 240 239 241 240 239 241 239 237 238 240 243 243 243 243 242 239 238 240 242 242
235 237 239 241 244 245 246 246 247 248 249 249 250 250 251 252 253 256 256 257 257 256 256 255 254 252 251 249 247 243 242 241 241 238 237 236 235 236 236 234 234 231 229 230 230 228 226 223 227 226 222 225 223 222 225 228 228 227 229 228 231 235 236 237 237 239 241 240 241 239 240 241 241 238 238 238 238 240 241 242 241 240 240 240 240 239
234 236 238 240 242 243 245 246 248 248 248 249 250 251 251 252 252 255 255 256 256 255 255 254 253 252 251 248 246 244 243 242 238 238 238 235 234 235 235 234 233 233 232 231 229 227 226 220 223 223 221 222 224 222 223 225 227 227 225 229 232 234 234 236 237 237 239 240 240 239 239 240 240 240 240 240 239 239 241 241 239 239 240 240 238 238
235 237 239 241 242 244 246 246 247 247 248 249 250 251 251 252 252 254 255 255 256 255 254 253 252 251 250 248 246 242 243 241 240 239 239 238 236 232 233 233 232 232 231 229 230 228 225 222 219 220 218 222 221 222 221 223 225 226 228 230 231 234 235 236 237 237 238 240 240 240 240 240 239 240 240 239 239 239 240 239 238 239 239 239 237 237
236 238 238 241 243 243 244 245 246 246 248 249 249 250 251 251 252 253 255 254 255 255 254 253 252 250 248 248 247 242 239 242 242 240 240 239 236 231 229 230 230 230 229 228 229 229 227 226 221 220 217 218 218 221 221 222 223 224 224 228 231 233 233 236 236 236 237 239 240 241 241 239 238 239 240 239 239 240 238 238 238 239 238 237 236 236
237 237 239 242 242 243 244 245 246 246 248 249 249 250 251 251 251 252 254 254 255 255 254 252 251 250 250 248 247 245 244 243 242 241 240 238 232 233 227 224 225 227 226 227 227 225 224 222 220 218 216 216 217 218 219 219 219 222 225 228 230 232 233 235 236 236 236 238 239 240 240 241 239 238 239 239 240 239 239 238 238 237 238 236 236 236
237 238 240 241 242 243 243 245 246 246 248 248 250 250 251 251 251 253 253 254 254 254 254 253 252 251 249 248 247 245 245 243 243 241 240 237 236 231 221 221 222 221 223 225 225 224 220 219 219 216 215 213 215 214 215 218 219 224 226 228 230 230 231 234 236 236 236 236 238 241 240 241 241 239 238 239 239 238 239 237 237 237 236 236 236 235
238 240 241 240 242 243 244 245 246 246 248 249 250 250 250 251 252 253 253 253 254 254 253 252 252 250 249 247 246 245 244 243 243 241 240 238 236 234 227 226 225 220 221 223 223 223 222 219 218 216 213 210 212 212 216 220 222 224 226 227 228 230 230 234 236 236 237 236 236 240 241 241 240 239 239 239 239 238 239 236 236 236 236 235 235 235
240 240 241 241 242 243 244 245 246 247 248 249 249 250 250 251 252 252 253 253 254 253 252 251 250 248 248 248 247 246 245 244 243 241 240 237 235 233 231 231 229 220 217 220 218 222 220 218 215 213 210 207 208 210 215 220 222 221 224 225 228 229 229 232 234 235 237 238 237 239 241 241 242 241 238 239 238 238 237 236 235 235 234 234 235 234
239 240 240 241 242 243 244 245 246 247 247 248 249 249 250 251 252 252 252 252 253 253 252 251 250 250 249 248 247 246 245 244 242 241 239 237 235 233 233 231 230 225 222 219 219 220 218 215 210 206 204 201 205 213 217 218 219 218 224 223 227 229 227 228 231 234 236 238 237 239 241 240 240 240 238 239 237 238 236 235 234 234 234 234 234 232
239 239 240 241 242 243 244 245 246 247 247 248 249 249 250 251 251 251 252 252 253 253 252 251 250 250 249 248 246 245 244 243 242 240 239 238 235 233 233 232 230 228 227 225 220 219 218 216 214 205 202 201 210 213 213 216 215 219 223 220 225 228 227 226 230 233 236 237 237 237 240 241 240 238 238 238 237 237 235 234 233 232 234 233 233 232
239 239 240 241 242 243 244 245 246 246 247 247 247 249 249 250 250 250 251 252 252 252 252 251 250 249 248 247 246 245 242 241 241 240 238 237 236 235 233 232 231 229 228 226 224 221 217 214 207 212 208 202 204 206 209 212 215 218 221 220 220 226 228 225 228 231 234 237 238 237 239 242 240 238 237 237 237 236 235 233 231 232 232 233 231 231
