layers/bio11_SA.asc
ncols        300
nrows        420
xllcorner    -83.000000000000
yllcorner    -57.000000000000
cellsize     0.166666666667
NODATA_value  -9999
[rows 0 to 38 of 420, columns 0 to 85 of 300]
-9999 -9999 -9999 -9999 -9999 -9999 -9999 -9999 -9999 -9999 -9999 -9999 -9999 -9999 -9999 -9999 -9999 -9999 -9999 -9999 -9999 -9999 -9999 -9999 -9999 -9999 -9999 -9999 -9999 -9999 -9999 -9999 -9999 -9999 -9999 -9999 -9999 -9999 -9999 -9999 -9999 -9999 -9999 -9999 -9999 -9999 -9999 -9999 -9999 -9999 -9999 -9999 -9999 -9999 -9999 -9999 -9999 -9999 -9999 -9999 -9999 -9999 -9999 -9999 -9999 -9999 -9999 -9999 -9999 -9999 -9999 -9999 -9999 -9999 -9999 -9999 -9999 -9999 -9999 -9999 -9999 -9999 -9999 -9999 -9999 -9999
-9999 -9999 -9999 -9999 -9999 -9999 -9999 -9999 -9999 -9999 -9999 -9999 -9999 -9999 -9999 -9999 -9999 -9999 -9999 -9999 -9999 -9999 -9999 -9999 -9999 -9999 -9999 -9999 -9999 -9999 -9999 -9999 -9999 -9999 -9999 -9999 -9999 -9999 -9999 -9999 -9999 -9999 -9999 -9999 -9999 -9999 -9999 -9999 -9999 -9999 -9999 -9999 -9999 -9999 -9999 -9999 -9999 -9999 -9999 -9999 -9999 -9999 -9999 -9999 -9999 -9999 -9999 -9999 -9999 -9999 -9999 -9999 -9999 -9999 -9999 -9999 -9999 -9999 -9999 -9999 -9999 -9999 -9999 -9999 -9999 -9999
-9999 -9999 -9999 -9999 -9999 -9999 -9999 -9999 -9999 -9999 -9999 -9999 -9999 -9999 -9999 -9999 -9999 -9999 -9999 -9999 -9999 -9999 -9999 -9999 -9999 -9999 -9999 -9999 -9999 -9999 -9999 -9999 -9999 -9999 -9999 -9999 -9999 -9999 -9999 -9999 -9999 -9999 -9999 -9999 -9999 -9999 -9999 -9999 -9999 -9999 -9999 -9999 -9999 -9999 -9999 -9999 -9999 -9999 -9999 -9999 -9999 -9999 -9999 -9999 -9999 -9999 -9999 -9999 -9999 -9999 -9999 -9999 -9999 -9999 -9999 -9999 -9999 262 258 -9999 -9999 -9999 -9999 -9999 -9999 -9999
-9999 -9999 -9999 -9999 -9999 -9999 -9999 -9999 -9999 -9999 -9999 -9999 -9999 -9999 -9999 -9999 -9999 -9999 -9999 -9999 -9999 -9999 -9999 -9999 -9999 -9999 -9999 -9999 -9999 -9999 -9999 -9999 -9999 -9999 -9999 -9999 -9999 -9999 -9999 -9999 -9999 -9999 -9999 -9999 -9999 -9999 -9999 -9999 -9999 -9999 -9999 -9999 -9999 -9999 -9999 -9999 -9999 -9999 -9999 -9999 -9999 -9999 -9999 -9999 -9999 -9999 275 274 272 268 264 -9999 -9999 -9999 -9999 -9999 -9999 263 259 -9999 -9999 -9999 -9999 260 -9999 -9999
253 -9999 -9999 -9999 -9999 -9999 -9999 -9999 -9999 -9999 -9999 -9999 -9999 -9999 -9999 -9999 -9999 -9999 -9999 -9999 -9999 -9999 -9999 -9999 -9999 -9999 -9999 -9999 -9999 -9999 -9999 -9999 -9999 -9999 -9999 -9999 -9999 -9999 -9999 -9999 -9999 -9999 -9999 -9999 -9999 -9999 -9999 -9999 -9999 -9999 -9999 -9999 -9999 -9999 -9999 -9999 -9999 -9999 -9999 -9999 -9999 -9999 -9999 -9999 277 276 275 271 266 264 262 262 -9999 -9999 -9999 -9999 -9999 264 263 -9999 -9999 -9999 -9999 260 261 -9999
-9999 -9999 -9999 -9999 -9999 -9999 -9999 -9999 -9999 -9999 -9999 -9999 -9999 -9999 -9999 -9999 -9999 -9999 -9999 -9999 -9999 -9999 -9999 -9999 -9999 -9999 -9999 -9999 -9999 -9999 -9999 -9999 -9999 -9999 -9999 -9999 -9999 -9999 -9999 -9999 -9999 -9999 -9999 -9999 -9999 -9999 -9999 -9999 -9999 -9999 -9999 -9999 -9999 -9999 -9999 -9999 -9999 -9999 -9999 -9999 -9999 -9999 -9999 -9999 278 276 274 271 260 259 263 264 -9999 -9999 -9999 -9999 265 262 261 263 -9999 -9999 -9999 262 261 260
-9999 -9999 -9999 -9999 -9999 -9999 -9999 -9999 -9999 -9999 -9999 -9999 -9999 -9999 -9999 -9999 -9999 -9999 -9999 -9999 -9999 -9999 -9999 -9999 -9999 -9999 -9999 -9999 -9999 -9999 -9999 -9999 -9999 -9999 -9999 -9999 -9999 -9999 -9999 -9999 -9999 -9999 -9999 -9999 -9999 -9999 -9999 -9999 -9999 -9999 -9999 -9999 -9999 -9999 -9999 -9999 -9999 -9999 -9999 -9999 -9999 -9999 -9999 279 279 275 270 267 269 270 270 -9999 -9999 -9999 -9999 -9999 265 261 257 263 -9999 -9999 -9999 -9999 -9999 -9999
-9999 -9999 -9999 -9999 -9999 -9999 -9999 -9999 -9999 -9999 -9999 -9999 -9999 -9999 -9999 -9999 -9999 -9999 -9999 -9999 -9999 -9999 -9999 -9999 -9999 -9999 -9999 -9999 -9999 -9999 -9999 -9999 -9999 -9999 -9999 -9999 -9999 -9999 -9999 -9999 -9999 -9999 -9999 -9999 -9999 -9999 -9999 -9999 -9999 -9999 -9999 -9999 -9999 -9999 -9999 -9999 -9999 -9999 -9999 -9999 -9999 275 275 277 279 275 271 268 272 272 -9999 -9999 -9999 -9999 -9999 -9999 266 264 261 263 -9999 -9999 -9999 -9999 -9999 -9999
-9999 -9999 -9999 -9999 -9999 -9999 -9999 -9999 -9999 -9999 -9999 -9999 -9999 -9999 -9999 -9999 -9999 -9999 -9999 -9999 -9999 -9999 -9999 -9999 -9999 -9999 -9999 -9999 -9999 -9999 -9999 -9999 -9999 -9999 -9999 -9999 -9999 -9999 -9999 -9999 -9999 -9999 -9999 -9999 -9999 -9999 -9999 -9999 -9999 -9999 -9999 -9999 -9999 -9999 -9999 -9999 -9999 -9999 -9999 273 272 273 274 275 277 277 276 275 -9999 -9999 -9999 -9999 -9999 -9999 -9999 -9999 266 266 265 264 260 255 251 -9999 -9999 -9999
-9999 -9999 -9999 -9999 -9999 -9999 -9999 -9999 -9999 -9999 -9999 -9999 -9999 -9999 -9999 -9999 -9999 -9999 -9999 -9999 -9999 -9999 -9999 -9999 -9999 -9999 -9999 -9999 -9999 -9999 -9999 -9999 -9999 -9999 -9999 -9999 -9999 -9999 -9999 -9999 -9999 -9999 -9999 -9999 -9999 -9999 -9999 -9999 -9999 -9999 -9999 -9999 -9999 276 276 -9999 -9999 -9999 273 272 271 272 272 272 273 274 275 -9999 -9999 -9999 -9999 -9999 -9999 -9999 -9999 -9999 266 265 264 263 255 244 246 251 255 254
-9999 -9999 -9999 -9999 -9999 -9999 -9999 -9999 -9999 -9999 -9999 -9999 -9999 -9999 -9999 -9999 -9999 -9999 -9999 -9999 -9999 -9999 -9999 -9999 -9999 -9999 -9999 -9999 -9999 -9999 -9999 -9999 -9999 -9999 -9999 -9999 -9999 -9999 -9999 -9999 -9999 -9999 -9999 -9999 -9999 -9999 -9999 -9999 -9999 -9999 -9999 -9999 272 249 247 265 265 271 269 268 269 270 270 267 269 272 274 -9999 -9999 -9999 -9999 -9999 270 268 268 264 262 258 243 232 212 235 244 253 253 252
-9999 -9999 -9999 -9999 -9999 -9999 -9999 -9999 -9999 -9999 -9999 -9999 -9999 -9999 -9999 -9999 -9999 -9999 -9999 -9999 -9999 -9999 -9999 -9999 -9999 -9999 -9999 -9999 -9999 -9999 -9999 -9999 -9999 -9999 -9999 -9999 -9999 -9999 -9999 -9999 -9999 -9999 -9999 -9999 -9999 -9999 -9999 -9999 272 271 273 -9999 263 197 193 209 195 201 203 247 240 252 259 244 262 273 274 273 273 -9999 271 271 269 266 264 258 254 251 238 221 230 242 250 251 249 248
-9999 -9999 -9999 -9999 -9999 -9999 -9999 -9999 -9999 -9999 -9999 -9999 -9999 -9999 -9999 -9999 -9999 -9999 -9999 -9999 -9999 -9999 -9999 -9999 -9999 -9999 -9999 -9999 -9999 -9999 -9999 -9999 -9999 -9999 -9999 -9999 -9999 -9999 -9999 -9999 -9999 -9999 -9999 -9999 -9999 -9999 271 271 268 272 274 274 273 221 99 76 71 91 162 226 250 257 223 241 268 272 272 272 273 272 271 270 267 262 252 232 233 245 242 235 225 232 228 220 234 249
-9999 -9999 -9999 -9999 -9999 -9999 -9999 -9999 -9999 -9999 -9999 -9999 -9999 -9999 -9999 -9999 -9999 -9999 -9999 -9999 -9999 -9999 -9999 -9999 -9999 -9999 -9999 -9999 -9999 -9999 -9999 -9999 -9999 -9999 -9999 -9999 -9999 -9999 -9999 -9999 -9999 -9999 -9999 -9999 -9999 269 270 268 270 275 276 275 273 244 152 44 37 145 221 258 263 219 215 230 263 268 269 271 273 271 270 267 259 245 228 221 229 231 222 211 212 219 222 240 248 246
-9999 -9999 -9999 -9999 -9999 -9999 -9999 -9999 -9999 -9999 -9999 -9999 -9999 -9999 -9999 -9999 -9999 -9999 -9999 -9999 -9999 -9999 -9999 -9999 -9999 -9999 -9999 -9999 -9999 -9999 -9999 -9999 -9999 -9999 -9999 -9999 -9999 -9999 -9999 -9999 -9999 -9999 -9999 -9999 269 268 266 273 272 277 277 276 274 257 198 136 119 187 247 268 219 186 217 249 264 265 267 270 273 271 267 264 254 243 229 221 219 219 230 232 222 229 242 237 243 255
-9999 -9999 -9999 -9999 -9999 -9999 -9999 -9999 -9999 -9999 -9999 -9999 -9999 -9999 -9999 -9999 -9999 -9999 -9999 -9999 -9999 -9999 -9999 -9999 -9999 -9999 -9999 -9999 -9999 -9999 -9999 -9999 -9999 -9999 -9999 -9999 -9999 -9999 -9999 -9999 -9999 -9999 -9999 -9999 269 269 268 277 277 277 276 274 272 265 224 199 185 246 271 244 131 162 208 257 267 269 271 272 273 271 267 261 249 209 214 210 215 221 227 226 227 228 227 221 220 217
-9999 -9999 -9999 -9999 -9999 -9999 -9999 -9999 -9999 -9999 -9999 -9999 -9999 -9999 -9999 -9999 -9999 -9999 -9999 -9999 -9999 -9999 -9999 -9999 -9999 -9999 -9999 -9999 -9999 -9999 -9999 -9999 -9999 -9999 -9999 -9999 -9999 -9999 -9999 -9999 -9999 -9999 -9999 269 270 269 273 275 277 275 275 271 266 269 250 223 243 272 270 191 107 167 228 265 267 271 273 274 -9999 272 269 265 256 213 212 234 243 248 244 231 219 215 223 206 218 250
-9999 -9999 -9999 -9999 -9999 -9999 -9999 -9999 -9999 -9999 -9999 -9999 -9999 -9999 -9999 -9999 -9999 -9999 -9999 -9999 -9999 -9999 -9999 -9999 -9999 -9999 -9999 -9999 -9999 -9999 -9999 -9999 -9999 -9999 -9999 -9999 -9999 -9999 -9999 -9999 -9999 -9999 -9999 270 272 273 272 267 274 275 270 268 267 271 265 265 275 276 267 179 114 197 259 267 270 272 273 -9999 -9999 -9999 271 270 260 232 227 241 247 243 236 233 225 227 238 241 241 230
254 -9999 -9999 -9999 -9999 -9999 -9999 -9999 -9999 -9999 -9999 -9999 -9999 -9999 -9999 -9999 -9999 -9999 -9999 -9999 -9999 -9999 -9999 -9999 -9999 -9999 -9999 -9999 -9999 -9999 -9999 -9999 -9999 -9999 -9999 -9999 -9999 -9999 -9999 -9999 -9999 -9999 -9999 -9999 269 270 265 257 270 271 268 266 265 270 272 274 275 275 269 188 157 245 267 269 272 273 -9999 -9999 -9999 -9999 272 271 262 228 209 223 238 218 201 232 220 199 220 250 247 228
249 253 -9999 -9999 -9999 -9999 -9999 -9999 -9999 -9999 -9999 -9999 -9999 -9999 -9999 -9999 -9999 -9999 -9999 -9999 -9999 -9999 -9999 -9999 -9999 -9999 -9999 -9999 -9999 -9999 -9999 -9999 -9999 -9999 -9999 -9999 -9999 -9999 -9999 -9999 -9999 -9999 271 271 269 267 254 261 270 272 269 268 268 268 272 274 275 274 264 193 220 267 270 271 273 274 -9999 -9999 -9999 -9999 -9999 274 274 256 248 248 213 166 186 216 186 208 236 251 250 243
245 246 254 255 -9999 -9999 -9999 -9999 -9999 -9999 -9999 -9999 -9999 -9999 -9999 -9999 -9999 -9999 -9999 254 251 254 257 258 261 -9999 -9999 -9999 -9999 -9999 -9999 -9999 -9999 -9999 -9999 -9999 -9999 -9999 -9999 -9999 -9999 -9999 -9999 -9999 269 264 254 262 269 272 270 269 269 269 272 274 274 272 248 199 255 272 272 273 274 275 275 -9999 -9999 -9999 -9999 275 275 273 263 240 180 147 188 197 202 226 255 260 261 261
210 229 249 250 250 250 -9999 -9999 -9999 -9999 -9999 -9999 -9999 -9999 -9999 -9999 -9999 -9999 259 248 235 238 240 255 252 245 253 254 262 -9999 -9999 -9999 -9999 -9999 -9999 -9999 -9999 -9999 -9999 -9999 269 270 271 269 269 265 261 264 269 271 270 270 270 270 272 275 274 267 180 217 258 273 274 275 276 276 277 277 -9999 -9999 -9999 275 275 260 251 208 154 177 211 218 231 252 260 263 264 263
157 178 217 241 247 249 248 -9999 -9999 -9999 -9999 -9999 -9999 -9999 -9999 -9999 260 260 259 253 251 233 239 250 250 250 248 246 249 255 265 -9999 -9999 -9999 -9999 -9999 -9999 -9999 -9999 -9999 269 268 270 269 268 263 265 267 269 271 271 270 272 274 274 276 275 229 204 248 266 272 275 277 278 278 279 279 -9999 -9999 272 272 262 202 199 152 167 208 243 257 263 265 265 265 265 265
120 149 209 233 246 248 249 249 253 -9999 -9999 -9999 -9999 258 255 255 258 259 259 256 256 256 261 261 254 254 256 255 251 245 255 263 -9999 -9999 -9999 -9999 -9999 -9999 -9999 -9999 267 266 269 272 270 267 268 271 273 273 274 274 275 277 277 277 264 211 229 248 266 275 276 278 279 279 280 279 276 272 270 247 168 132 124 128 203 237 261 268 269 269 268 267 267 266
201 163 155 198 230 245 249 249 252 -9999 -9999 262 260 256 255 256 256 256 257 260 261 265 -9999 261 259 249 241 246 255 256 251 255 261 -9999 -9999 -9999 -9999 -9999 -9999 265 265 264 269 272 271 269 271 274 275 275 277 278 278 278 278 278 257 199 233 236 271 275 276 277 279 279 280 279 275 270 222 143 71 89 137 196 243 261 266 270 271 270 269 268 267 266
213 210 175 195 201 218 226 231 234 239 249 247 249 247 250 252 254 244 253 264 266 -9999 -9999 263 261 258 256 244 253 258 258 248 251 259 -9999 -9999 -9999 -9999 263 262 262 265 269 271 267 268 272 274 275 275 276 277 277 270 278 278 266 199 208 226 269 275 275 275 277 278 278 277 258 196 96 77 67 90 196 251 259 266 270 272 272 272 270 269 268 267
250 239 237 247 237 218 194 197 191 207 223 224 213 216 244 256 253 238 262 265 266 -9999 -9999 262 -9999 -9999 259 257 254 257 258 256 240 246 255 -9999 262 262 260 261 261 266 268 268 265 269 272 274 274 274 274 276 274 270 278 279 256 205 220 241 246 270 272 274 275 275 275 269 239 156 150 107 82 188 253 264 264 267 271 273 273 273 271 269 268 267
252 253 255 257 256 252 235 225 231 238 234 239 238 247 260 263 263 261 264 -9999 -9999 -9999 -9999 262 259 261 -9999 257 259 257 256 259 250 225 252 254 -9999 261 259 258 260 265 268 268 268 271 273 274 274 274 273 270 257 258 275 279 248 190 194 215 232 260 268 272 271 267 241 224 197 172 138 112 168 242 270 272 270 270 271 273 274 273 272 270 268 267
248 254 257 258 258 258 257 251 246 248 250 255 258 261 263 265 265 -9999 -9999 -9999 -9999 -9999 -9999 260 260 -9999 -9999 -9999 256 255 259 261 258 226 223 257 262 259 255 257 259 267 267 268 269 271 273 274 275 275 272 255 225 232 271 279 270 213 186 186 209 246 266 269 264 228 140 147 140 137 145 167 226 267 274 274 273 273 273 273 274 274 271 269 268 266
251 -9999 -9999 256 257 257 259 256 249 251 255 258 260 262 264 267 -9999 -9999 -9999 -9999 -9999 -9999 -9999 -9999 -9999 -9999 -9999 252 255 250 259 259 258 235 212 257 263 261 255 251 259 259 259 265 270 272 273 274 277 277 270 255 202 234 274 279 277 238 181 162 176 221 258 250 220 167 114 163 150 176 199 225 259 271 273 274 273 272 273 273 272 270 269 268 267 266
-9999 -9999 -9999 -9999 -9999 257 -9999 254 253 246 258 261 255 258 264 265 267 -9999 -9999 -9999 -9999 -9999 -9999 -9999 -9999 -9999 -9999 239 246 250 254 235 251 253 239 259 264 265 254 242 257 237 251 266 270 272 274 277 279 278 258 245 213 246 279 280 279 259 158 139 150 208 255 224 180 142 141 191 197 217 247 257 268 271 272 273 273 272 272 271 270 268 267 266 266 265
-9999 -9999 -9999 -9999 -9999 -9999 -9999 255 252 248 257 260 248 239 258 257 263 264 -9999 -9999 -9999 -9999 -9999 -9999 -9999 -9999 -9999 -9999 228 231 241 221 238 251 259 263 264 266 258 239 255 253 258 263 261 272 275 277 281 281 257 224 226 257 279 280 280 275 203 138 131 207 214 209 203 196 211 231 244 254 261 266 268 269 270 270 270 270 270 269 268 267 266 264 265 265
-9999 -9999 -9999 -9999 -9999 -9999 249 248 -9999 258 255 257 248 228 246 240 252 261 263 -9999 -9999 -9999 -9999 -9999 -9999 -9999 -9999 -9999 246 238 223 240 226 250 263 264 266 267 255 225 246 257 245 228 242 264 268 268 280 281 252 226 227 265 279 280 279 276 238 157 118 166 167 161 200 238 250 256 258 261 263 264 265 266 267 268 268 268 268 267 266 265 264 263 264 264
-9999 -9999 -9999 -9999 252 -9999 247 247 252 -9999 255 -9999 257 237 242 257 255 259 -9999 -9999 -9999 -9999 -9999 -9999 -9999 -9999 -9999 -9999 -9999 246 234 242 241 256 262 265 266 268 267 224 223 235 213 200 214 235 247 254 271 275 252 238 226 257 279 279 277 275 248 175 99 119 130 119 146 219 253 257 258 259 260 261 262 264 265 266 266 266 266 265 265 264 263 263 263 264
-9999 -9999 -9999 -9999 -9999 -9999 -9999 248 250 -9999 -9999 -9999 249 227 238 255 -9999 -9999 -9999 -9999 -9999 -9999 -9999 -9999 -9999 -9999 -9999 -9999 -9999 -9999 239 248 241 247 262 266 268 269 267 247 184 194 167 183 201 228 226 229 258 262 252 247 246 269 279 277 275 270 244 196 96 89 124 162 162 224 248 252 253 255 257 259 260 261 263 264 264 264 264 264 263 263 263 263 263 264
-9999 -9999 -9999 -9999 -9999 -9999 -9999 -9999 -9999 -9999 -9999 -9999 -9999 -9999 -9999 -9999 -9999 -9999 -9999 -9999 -9999 -9999 -9999 -9999 -9999 -9999 -9999 -9999 -9999 -9999 259 257 250 253 262 266 270 268 256 243 190 162 147 215 201 192 208 212 237 244 250 253 267 278 279 278 274 261 228 206 89 76 111 149 205 236 247 249 250 252 254 256 258 260 261 262 263 263 263 263 262 262 262 263 263 264
-9999 -9999 -9999 -9999 -9999 -9999 -9999 -9999 -9999 -9999 -9999 -9999 -9999 -9999 -9999 -9999 -9999 -9999 -9999 -9999 -9999 -9999 -9999 -9999 -9999 -9999 -9999 -9999 -9999 -9999 -9999 255 248 247 255 267 271 270 246 232 208 199 178 188 140 159 199 201 212 232 246 264 275 277 278 278 271 232 211 213 152 73 87 140 191 230 242 247 249 251 253 255 257 259 260 261 262 262 262 262 262 262 263 263 263 264
-9999 -9999 -9999 -9999 -9999 -9999 -9999 -9999 -9999 -9999 -9999 -9999 -9999 -9999 -9999 -9999 -9999 -9999 -9999 -9999 -9999 -9999 -9999 -9999 -9999 -9999 -9999 -9999 -9999 -9999 -9999 -9999 251 247 250 264 271 270 235 228 185 193 198 155 133 144 192 211 210 227 249 268 276 276 276 275 262 181 215 211 194 132 73 84 118 168 221 245 249 251 253 255 257 258 259 260 261 261 261 261 262 262 262 263 264 264
-9999 -9999 -9999 -9999 -9999 -9999 -9999 -9999 -9999 -9999 -9999 -9999 -9999 -9999 -9999 -9999 -9999 -9999 -9999 -9999 -9999 -9999 -9999 -9999 -9999 -9999 -9999 -9999 -9999 -9999 -9999 -9999 260 253 252 261 267 267 247 242 179 142 197 205 147 159 198 209 217 227 252 272 275 274 273 268 235 157 220 189 192 191 124 48 60 87 189 243 250 251 253 254 256 257 258 260 260 261 261 262 261 262 262 263 264 265
