layers/bio16_SA.asc
ncols        300
nrows        420
xllcorner    -83.000000000000
yllcorner    -57.000000000000
cellsize     0.166666666667
NODATA_value  -9999
[rows 114 to 151 of 420, columns 87 to 173 of 300]
954 947 934 922 921 926 933 941 950 960 970 979 989 999 1007 1018 1029 1043 1060 1077 1091 1087 1051 998 953 926 922 932 949 968 981 990 994 996 1002 1012 1032 1047 1062 1078 1081 1072 1053 1035 1022 1012 1002 990 980 968 952 937 925 919 917 920 922 928 931 933 934 933 929 922 909 899 902 911 920 927 936 944 957 970 987 992 981 967 960 961 958 951 940 927 914 902 892
963 961 955 949 947 948 950 954 960 965 973 980 987 994 1002 1012 1024 1040 1061 1088 1118 1138 1087 1017 963 932 925 933 946 959 972 982 988 995 1004 1017 1034 1055 1079 1104 1116 1098 1072 1050 1033 1018 1004 990 976 961 945 930 921 917 920 925 932 939 944 946 945 942 937 928 902 895 908 921 930 936 937 941 942 944 946 944 937 936 945 951 956 955 949 941 929 916 906
977 979 979 974 972 968 967 967 967 970 973 978 982 987 992 999 1008 1023 1046 1075 1109 1130 1084 1015 954 924 923 933 944 954 964 972 980 988 1000 1015 1034 1056 1083 1114 1130 1106 1080 1057 1038 1020 1005 988 971 952 934 919 912 912 918 928 941 952 957 960 959 955 948 937 920 918 928 938 944 945 942 939 932 923 915 910 914 925 938 952 963 966 964 958 946 933 922
994 1002 1004 1001 996 989 982 978 974 973 974 974 976 977 978 982 987 998 1015 1039 1063 1070 1046 1000 948 921 928 936 943 951 957 963 970 980 990 1007 1025 1048 1071 1094 1103 1092 1073 1055 1038 1022 1005 987 966 943 921 905 897 901 913 929 949 965 971 972 972 971 968 961 957 955 959 963 965 960 951 943 929 909 890 886 902 923 944 963 977 984 985 978 967 956 950
1013 1027 1031 1027 1018 1006 994 986 979 973 971 969 969 966 963 960 959 962 973 990 1008 1018 1010 987 959 944 941 942 946 947 949 953 959 965 977 993 1010 1031 1050 1067 1075 1070 1059 1046 1033 1020 1005 988 964 935 906 885 880 887 906 928 954 976 982 984 987 989 991 992 993 995 996 994 988 978 965 951 932 911 893 891 908 933 958 981 999 1009 1012 1004 991 981 973
1039 1058 1061 1054 1038 1021 1004 990 979 971 967 964 960 956 947 937 925 918 920 934 955 973 981 978 971 963 958 953 949 945 943 942 944 950 961 975 992 1010 1027 1040 1047 1047 1041 1034 1026 1018 1009 995 970 933 890 861 856 872 897 923 950 972 984 992 998 1005 1013 1022 1030 1037 1037 1030 1017 1001 983 966 947 928 916 918 929 953 979 1005 1027 1043 1045 1034 1016 1005 992
1068 1092 1095 1079 1055 1032 1009 990 976 966 961 957 953 946 934 914 891 871 861 875 903 935 959 971 978 982 974 962 951 942 934 928 928 932 942 956 972 988 1004 1016 1024 1026 1024 1019 1017 1015 1016 1010 988 941 880 830 835 861 891 920 946 968 984 997 1008 1019 1032 1048 1064 1077 1080 1065 1045 1024 1004 985 967 952 944 945 957 978 1005 1030 1059 1079 1081 1067 1044 1026 1010
1097 1128 1127 1098 1066 1034 1007 984 967 956 951 949 948 942 927 900 860 820 796 808 853 905 940 962 979 992 981 966 951 939 926 914 909 912 923 937 952 968 984 997 1007 1010 1008 1004 1006 1014 1025 1029 1019 966 897 835 840 866 895 922 945 967 985 1002 1015 1029 1045 1066 1090 1108 1114 1092 1068 1045 1024 1005 990 977 972 974 984 1003 1028 1054 1085 1117 1118 1095 1067 1043 1025
1106 1144 1139 1099 1061 1027 997 971 952 940 938 940 943 942 931 898 843 776 723 738 813 890 930 950 967 977 973 961 947 934 919 903 890 894 906 920 933 950 967 983 995 1001 998 991 996 1015 1035 1047 1041 1001 943 897 879 889 910 931 951 970 988 1004 1021 1036 1054 1077 1100 1120 1118 1102 1081 1058 1040 1023 1011 1000 997 999 1008 1025 1047 1070 1099 1127 1134 1109 1081 1055 1038
1091 1110 1107 1079 1045 1011 981 955 933 929 930 932 937 945 946 915 844 764 685 706 805 901 928 941 952 960 960 954 945 932 915 900 884 886 897 908 919 935 954 975 992 1002 1002 987 989 1024 1050 1070 1079 1058 993 948 925 921 930 944 959 976 991 1008 1023 1040 1058 1077 1095 1110 1111 1100 1085 1068 1053 1038 1028 1020 1017 1019 1028 1041 1057 1079 1099 1118 1122 1107 1088 1065 1048
1063 1072 1066 1046 1020 990 962 937 916 916 917 921 928 939 951 928 860 789 739 746 806 875 909 926 939 946 950 950 947 936 921 904 894 891 896 903 910 922 947 973 997 1017 1030 1034 1037 1055 1072 1094 1113 1100 1041 989 960 950 951 958 969 981 996 1010 1025 1040 1057 1073 1087 1097 1100 1094 1083 1071 1062 1051 1043 1037 1034 1036 1041 1051 1064 1079 1094 1106 1108 1102 1089 1069 1054
1030 1033 1026 1011 990 966 941 919 902 898 901 905 910 922 927 914 876 828 795 790 817 858 888 907 921 931 941 948 950 944 931 915 904 899 900 905 911 922 949 978 1008 1037 1066 1103 1107 1092 1091 1103 1108 1094 1057 1018 987 972 968 971 978 986 999 1011 1024 1038 1053 1066 1078 1086 1090 1089 1082 1072 1065 1059 1052 1049 1047 1049 1052 1058 1066 1074 1084 1095 1098 1095 1085 1071 1060
997 995 989 978 960 941 920 901 887 879 880 882 886 895 904 904 890 863 834 822 829 851 872 888 902 913 927 943 956 952 938 926 913 908 910 914 921 935 959 988 1019 1051 1083 1111 1117 1107 1097 1099 1097 1084 1059 1031 1007 989 982 980 985 991 999 1011 1022 1034 1046 1059 1068 1076 1080 1082 1077 1071 1067 1062 1059 1058 1058 1059 1060 1063 1069 1071 1078 1087 1092 1089 1081 1074 1065
963 959 954 945 933 917 900 883 872 865 858 855 858 864 875 892 905 887 857 840 837 846 861 873 883 895 906 926 950 952 942 932 924 920 920 927 936 949 970 997 1027 1059 1086 1102 1107 1101 1093 1091 1085 1074 1055 1034 1015 999 991 987 988 993 1001 1009 1017 1028 1039 1048 1058 1066 1072 1072 1070 1069 1065 1064 1062 1062 1062 1065 1067 1070 1072 1074 1079 1082 1086 1086 1083 1077 1071
929 924 921 915 908 897 883 869 858 848 837 829 826 828 839 863 890 882 857 842 838 841 850 859 871 880 891 908 932 947 949 940 933 931 933 940 948 959 977 1001 1030 1062 1083 1091 1093 1088 1081 1079 1073 1062 1048 1032 1017 1005 996 991 990 993 999 1005 1013 1021 1030 1040 1048 1056 1062 1063 1065 1065 1065 1065 1066 1067 1069 1071 1072 1073 1076 1078 1082 1083 1086 1087 1085 1082 1075
892 889 891 890 886 880 869 859 848 835 819 803 792 789 798 818 839 844 837 831 829 833 841 850 861 870 879 891 928 961 971 954 940 942 949 956 960 968 980 1001 1027 1055 1070 1075 1075 1072 1066 1063 1058 1049 1039 1027 1015 1005 997 992 991 991 994 999 1005 1012 1021 1029 1037 1045 1052 1055 1060 1062 1065 1068 1069 1072 1074 1076 1079 1082 1083 1083 1086 1088 1090 1088 1088 1085 1078
854 857 864 869 871 868 861 852 841 823 806 783 764 749 755 779 796 806 810 811 815 821 832 842 856 868 881 900 943 985 1001 975 955 963 977 980 976 973 977 997 1021 1040 1053 1058 1056 1052 1048 1046 1042 1035 1027 1017 1009 1000 994 991 989 989 992 995 1002 1007 1014 1020 1029 1037 1045 1048 1053 1055 1061 1066 1072 1077 1080 1082 1085 1089 1092 1096 1096 1095 1097 1092 1092 1089 1084
820 831 842 852 858 862 861 852 839 821 798 775 751 733 735 753 768 779 786 793 799 810 821 836 853 873 895 929 963 995 1012 1010 1009 1019 1019 1006 993 980 976 993 1014 1029 1036 1038 1036 1031 1028 1029 1025 1020 1013 1006 999 994 989 986 985 985 986 991 996 1000 1007 1011 1018 1024 1032 1035 1042 1048 1054 1065 1072 1079 1085 1086 1089 1093 1098 1102 1111 1106 1102 1098 1093 1091 1087
800 814 827 841 852 861 881 857 840 819 798 776 755 740 738 743 749 758 765 775 786 799 811 828 850 875 904 936 969 997 1021 1042 1071 1087 1061 1031 1009 994 990 998 1010 1018 1023 1020 1015 1009 1009 1010 1007 1004 1001 995 990 985 981 980 978 979 981 986 989 994 998 1000 1002 1005 1007 1009 1025 1035 1044 1058 1071 1081 1088 1090 1091 1095 1100 1110 1130 1137 1122 1102 1095 1093 1091
815 816 825 834 845 855 860 856 840 820 800 783 769 758 751 742 736 738 747 761 773 787 802 821 847 876 908 940 972 998 1023 1047 1079 1100 1070 1040 1018 1003 1000 1007 1012 1013 1008 1002 995 986 989 991 992 989 986 982 978 975 972 970 971 971 974 978 981 985 989 991 989 986 980 975 987 1009 1030 1051 1071 1084 1091 1093 1092 1097 1100 1104 1138 1152 1119 1097 1093 1094 1095
822 821 826 832 838 847 855 855 837 819 801 789 784 780 772 750 723 718 730 748 763 776 791 815 844 876 909 942 972 998 1016 1025 1031 1048 1044 1028 1011 997 998 1010 1013 1004 993 984 974 966 971 974 975 975 972 969 965 963 964 963 961 963 966 971 976 979 983 983 981 975 964 951 959 990 1019 1045 1069 1084 1094 1093 1091 1095 1095 1098 1095 1090 1091 1089 1092 1096 1098
822 823 829 832 832 835 841 840 827 813 800 791 794 802 800 762 711 692 718 742 755 768 786 809 841 874 908 944 973 997 1012 1011 1006 1011 1013 1007 990 967 970 1004 1006 985 972 964 954 947 954 960 961 962 959 956 953 956 959 957 953 953 958 963 970 974 977 979 978 974 966 956 960 984 1011 1038 1066 1090 1090 1089 1089 1092 1092 1090 1083 1076 1078 1085 1090 1096 1101
820 825 829 832 831 823 825 822 814 803 794 787 792 810 817 769 711 690 718 740 751 763 783 806 837 872 907 943 977 1002 1017 1012 995 985 983 975 951 915 892 934 954 944 942 941 937 930 939 946 949 950 948 944 948 953 954 953 950 947 950 958 964 971 974 979 980 981 982 982 988 1000 1014 1027 1050 1069 1076 1077 1082 1089 1089 1083 1075 1067 1071 1080 1090 1100 1107
816 824 829 832 829 818 809 806 800 792 786 782 787 798 796 766 726 710 718 732 745 758 777 803 833 868 905 943 978 1011 1034 1026 982 966 959 947 920 873 802 763 847 893 914 923 924 921 928 936 940 940 939 936 943 949 951 951 947 942 946 951 959 969 974 980 986 992 998 1007 1017 1020 1021 1025 1030 1043 1052 1062 1076 1087 1087 1077 1068 1063 1066 1076 1090 1103 1113
812 820 826 828 824 813 800 790 786 781 776 775 780 783 777 757 733 721 721 727 738 753 770 796 826 861 899 939 978 1014 1040 1034 990 963 946 932 914 873 816 792 828 873 899 913 920 921 922 929 933 934 933 935 941 947 951 950 944 937 937 947 959 970 973 980 990 1001 1011 1025 1037 1033 1026 1022 1022 1027 1035 1047 1064 1080 1080 1067 1058 1056 1062 1074 1088 1105 1118
808 819 823 821 816 805 793 781 771 767 765 766 769 769 764 752 736 726 721 722 731 743 763 788 818 851 889 931 972 1011 1034 1030 1000 966 937 924 928 901 866 849 857 881 899 914 922 924 922 926 930 930 929 933 938 940 942 939 936 927 927 932 955 963 969 978 991 1007 1015 1024 1033 1031 1022 1016 1012 1013 1017 1026 1038 1050 1051 1043 1041 1045 1054 1068 1085 1103 1122
803 818 819 813 806 796 784 774 764 758 753 753 757 759 757 748 738 729 718 715 721 735 755 778 805 837 875 919 961 1005 1031 1031 1006 967 935 925 931 920 911 902 892 897 910 923 931 930 929 928 930 930 928 932 934 933 936 934 920 908 899 910 929 944 952 959 985 1005 1019 1024 1024 1020 1011 1005 1000 996 995 997 1001 1006 1008 1011 1019 1029 1043 1059 1080 1100 1122
794 813 809 802 795 785 775 767 758 751 746 747 749 752 753 750 743 733 715 705 713 728 750 770 795 821 857 898 946 995 1028 1041 1006 957 927 920 919 921 926 923 910 910 920 934 941 938 933 932 932 931 929 930 927 929 929 923 914 865 846 881 898 910 931 951 974 1002 1017 1016 1013 1008 1000 991 983 976 971 967 965 962 963 975 992 1012 1030 1048 1070 1092 1115
768 789 791 789 782 774 767 757 749 743 738 740 745 751 756 754 752 745 719 694 715 726 742 757 775 798 831 872 918 961 1003 1029 982 931 905 896 901 911 914 905 908 913 922 935 940 937 936 934 937 937 933 929 926 922 919 911 894 862 858 866 883 891 918 948 970 989 1001 1004 1001 995 986 977 966 956 948 940 931 924 923 942 971 996 1018 1037 1057 1077 1101
743 764 772 773 770 765 758 749 741 734 730 732 741 751 759 759 758 754 744 716 725 736 742 749 757 768 792 835 876 902 952 964 934 893 864 870 880 908 922 910 910 910 920 930 934 934 935 940 942 941 936 933 929 923 919 908 893 874 868 876 889 894 911 940 964 981 987 989 988 983 975 963 950 937 927 917 909 902 904 927 958 986 1009 1024 1039 1059 1083
734 750 759 762 760 755 748 742 735 728 723 727 736 747 756 757 756 754 749 739 743 752 744 744 744 744 750 792 838 873 898 903 886 861 850 858 879 905 929 930 910 905 916 923 928 933 940 946 947 947 943 940 931 929 922 913 900 891 893 897 902 909 922 941 959 970 975 982 981 975 964 951 937 922 909 899 892 892 900 921 951 982 1005 1006 1014 1037 1064
734 744 751 753 751 748 744 737 730 724 721 723 729 737 747 750 749 749 747 746 751 757 743 739 737 737 746 775 809 837 856 863 856 844 839 847 865 886 901 908 900 898 906 915 923 935 943 950 951 948 948 943 937 934 932 925 915 914 911 924 928 930 938 949 961 972 977 982 980 971 958 941 924 909 896 887 881 885 896 917 944 973 996 974 985 1017 1049
741 746 748 749 747 744 738 732 726 722 719 718 722 729 736 741 742 742 743 742 744 742 733 733 731 734 745 764 788 808 823 830 830 829 828 835 847 863 874 879 882 885 896 908 925 939 946 954 956 954 952 950 945 941 940 935 934 930 945 962 954 949 952 959 969 979 986 990 986 975 958 937 915 896 882 875 873 878 892 914 936 955 962 954 972 1007 1039
748 748 749 748 744 740 735 730 726 720 716 716 718 723 727 732 734 734 734 732 732 728 723 724 727 731 739 753 770 785 797 805 810 813 817 822 828 838 846 849 854 866 884 903 924 939 949 952 954 953 956 954 953 949 947 948 948 955 968 974 971 965 966 972 981 991 999 1004 999 985 965 939 911 890 879 868 863 872 892 911 929 944 950 959 977 1005 1035
758 757 754 748 745 741 735 729 723 719 716 715 715 717 721 724 724 725 725 723 720 715 714 718 721 727 733 745 756 768 778 787 792 797 802 806 810 816 822 824 836 847 866 885 904 926 948 952 951 952 955 956 958 957 956 958 960 964 974 980 981 978 979 985 995 1003 1012 1015 1010 998 980 953 924 902 887 869 860 877 897 914 928 941 951 964 981 1006 1036
771 766 757 753 747 741 735 729 724 719 715 713 713 713 715 717 718 717 716 713 709 705 706 711 715 719 726 734 744 752 761 768 775 781 786 789 796 799 802 808 816 829 845 860 867 888 916 929 936 943 952 958 964 965 962 964 967 975 981 986 989 991 995 1002 1007 1014 1019 1022 1020 1014 1004 984 956 930 908 891 884 894 910 922 934 943 953 967 983 1006 1035
785 774 765 759 751 744 736 730 724 719 714 712 710 709 710 710 708 708 707 705 701 696 698 703 709 713 718 724 732 739 747 753 759 766 770 777 780 783 789 795 802 813 826 836 846 856 869 896 915 931 943 958 968 970 970 972 977 982 987 991 995 999 1006 1013 1018 1021 1025 1028 1028 1027 1031 1033 1014 970 935 919 915 919 930 938 942 948 954 965 982 1003 1028
796 784 775 765 756 747 739 730 724 719 713 709 708 706 706 703 703 702 700 697 693 690 691 696 702 706 710 715 720 726 733 739 745 751 757 762 768 772 778 785 791 799 809 815 823 832 842 864 896 916 933 952 967 973 976 978 981 986 990 995 999 1005 1012 1019 1023 1026 1029 1032 1033 1042 1055 1071 1055 998 958 942 941 944 953 954 951 950 951 960 974 994 1018
