layers/bio18_SA.asc
ncols        300
nrows        420
xllcorner    -83.000000000000
yllcorner    -57.000000000000
cellsize     0.166666666667
NODATA_value  -9999
[rows 76 to 113 of 420, columns 0 to 86 of 300]
-9999 -9999 -9999 -9999 -9999 -9999 -9999 -9999 -9999 -9999 -9999 -9999 -9999 -9999 -9999 -9999 -9999 630 742 1026 1111 1239 1398 1361 975 843 642 448 345 332 316 294 545 646 661 729 779 831 872 868 821 760 697 568 520 480 447 422 470 388 466 457 445 433 422 413 405 398 395 393 394 396 402 409 419 431 445 463 481 501 522 546 570 597 622 649 677 708 742 768 791 694 700 716 699 720 849
-9999 -9999 -9999 -9999 -9999 -9999 -9999 -9999 -9999 -9999 -9999 -9999 -9999 -9999 -9999 -9999 -9999 564 780 1049 1193 1385 1590 1749 1190 925 592 348 353 359 284 302 691 667 719 791 851 867 860 835 785 728 601 554 515 480 452 484 483 492 491 479 464 452 442 432 423 418 414 412 413 427 436 448 438 451 466 483 502 522 546 568 595 619 645 670 695 722 854 778 801 688 696 701 704 712 711
-9999 -9999 -9999 -9999 -9999 -9999 -9999 -9999 -9999 -9999 -9999 -9999 -9999 -9999 -9999 -9999 443 578 809 1068 1286 1503 1654 1642 1231 886 475 322 328 297 292 322 543 781 773 855 914 887 845 805 757 705 593 550 512 480 455 487 491 505 510 495 482 393 395 398 402 408 414 422 431 440 452 462 473 486 500 514 522 544 568 592 618 645 669 811 827 732 663 661 677 690 699 707 707 710 708
-9999 -9999 -9999 -9999 -9999 -9999 -9999 -9999 -9999 -9999 -9999 -9999 -9999 -9999 -9999 346 429 602 821 1107 1358 1510 1527 1217 1073 722 503 434 318 303 293 454 537 795 816 881 907 872 819 779 737 690 586 545 510 481 460 492 494 503 509 502 492 408 474 413 416 421 428 436 444 455 467 476 487 499 513 526 541 556 573 615 641 624 810 653 742 662 872 668 688 696 706 713 704 705 705
-9999 -9999 -9999 -9999 -9999 -9999 -9999 -9999 -9999 -9999 -9999 -9999 -9999 -9999 -9999 339 458 593 865 1125 1305 1451 1450 1022 940 661 436 341 321 300 354 423 575 829 837 881 888 845 791 758 722 619 577 538 505 480 465 456 501 507 510 508 423 424 425 427 431 436 443 451 459 469 481 492 502 513 526 539 554 569 586 603 619 637 654 670 684 670 676 685 695 707 694 698 702 703 702
-9999 -9999 -9999 -9999 -9999 -9999 -9999 -9999 -9999 -9999 -9999 -9999 -9999 -9999 -9999 355 469 664 942 1151 1332 1457 1433 948 604 420 373 323 311 294 392 575 711 869 845 864 868 834 791 751 714 611 571 533 500 479 468 461 508 512 515 441 438 439 441 443 447 452 457 465 473 482 494 505 514 526 538 551 566 583 599 617 634 653 671 691 685 693 700 705 711 722 696 699 702 703 702
-9999 -9999 -9999 -9999 -9999 -9999 -9999 -9999 -9999 -9999 -9999 -9999 -9999 -9999 235 340 472 721 724 1178 1318 1411 1461 978 410 275 265 325 275 337 571 834 890 846 834 849 847 825 793 751 715 676 567 530 494 479 475 469 464 459 457 456 455 456 459 462 465 469 474 480 488 496 506 517 527 538 549 564 579 595 612 630 649 668 689 710 734 762 718 722 726 735 745 699 760 764 765
-9999 -9999 -9999 -9999 -9999 -9999 -9999 -9999 -9999 -9999 -9999 -9999 106 132 206 321 560 591 774 912 1286 1368 1469 914 310 235 156 296 248 458 751 943 906 843 838 848 843 818 789 758 714 605 569 534 507 495 486 477 472 471 471 473 474 475 478 481 483 487 491 496 503 511 520 530 540 551 562 576 591 607 624 643 661 682 704 727 709 718 726 734 738 747 760 700 778 781 709
-9999 -9999 -9999 -9999 -9999 -9999 -9999 -9999 -9999 -9999 -9999 -9999 136 179 249 371 504 752 769 853 1205 1284 1310 834 318 235 135 270 248 527 888 921 898 877 858 849 832 811 780 759 720 607 573 543 519 504 492 485 481 483 486 490 494 497 499 501 502 505 507 513 518 526 535 542 553 564 576 588 603 619 636 655 675 696 717 740 718 729 737 742 750 760 777 793 799 716 717
-9999 -9999 -9999 -9999 -9999 -9999 -9999 -9999 -9999 -9999 -9999 75 126 178 337 499 781 873 927 1057 1172 1260 1240 704 325 169 118 196 246 502 981 986 933 903 873 853 839 809 778 748 717 607 577 549 525 508 495 489 491 496 504 510 515 520 523 524 524 525 526 530 535 542 549 558 567 576 588 602 615 631 648 667 686 709 707 717 728 739 748 756 763 773 802 822 827 728 728
-9999 -9999 -9999 -9999 -9999 -9999 -9999 -9999 -9999 -9999 -9999 -9999 -9999 221 416 698 813 819 842 988 1204 1308 1158 531 288 237 138 194 375 753 1068 1058 984 922 887 855 832 805 778 750 719 610 581 555 532 511 495 493 501 511 522 533 542 547 551 550 549 546 547 548 553 559 566 572 581 590 600 613 626 642 659 678 698 700 711 723 737 750 764 778 787 801 843 866 862 846 744
-9999 -9999 -9999 -9999 -9999 -9999 -9999 -9999 -9999 -9999 -9999 -9999 134 220 468 627 724 713 743 828 1045 1280 1139 507 314 233 144 208 343 918 1053 988 969 930 893 861 828 802 774 745 717 613 588 563 539 517 500 502 515 530 546 560 571 580 583 582 577 570 567 569 574 578 582 588 595 601 611 623 637 651 670 689 694 706 718 732 746 762 781 802 824 859 907 929 898 864 762
-9999 -9999 -9999 -9999 -9999 -9999 -9999 -9999 -9999 -9999 -9999 -9999 -9999 219 462 587 629 619 670 759 965 1193 1143 478 320 260 167 210 361 815 973 953 910 892 872 847 822 793 765 742 716 617 595 574 553 535 521 524 538 554 573 590 605 616 622 621 613 599 592 594 596 599 601 605 609 614 642 648 647 662 674 685 697 708 722 738 756 774 797 824 858 903 959 983 917 873 777
-9999 -9999 -9999 -9999 -9999 -9999 -9999 -9999 -9999 -9999 -9999 -9999 -9999 184 310 559 572 554 604 762 933 1107 1105 496 342 274 189 208 395 711 867 882 863 854 838 823 804 779 756 733 711 620 603 585 568 556 550 553 565 584 603 623 642 659 669 669 660 643 632 628 626 624 624 622 623 627 641 647 654 663 675 686 698 711 726 743 761 782 807 836 874 916 957 966 931 797 875
-9999 -9999 -9999 -9999 -9999 -9999 -9999 -9999 -9999 -9999 -9999 -9999 -9999 171 282 529 628 600 595 711 849 1027 1167 575 351 244 154 231 438 655 764 805 808 800 798 789 780 764 745 725 705 622 610 597 586 577 575 581 592 612 634 658 682 705 719 725 717 698 681 667 645 643 641 639 637 638 640 645 654 663 674 686 697 711 727 742 761 783 808 838 873 909 939 948 935 913 891
-9999 -9999 -9999 -9999 -9999 -9999 -9999 -9999 -9999 -9999 -9999 80 118 159 281 424 469 474 504 623 818 1014 1175 874 301 236 155 315 496 606 699 733 750 746 751 751 750 742 733 719 700 624 615 608 600 595 557 604 618 638 663 691 720 749 773 770 755 727 700 705 667 658 651 648 642 640 640 645 653 663 673 685 697 710 725 740 759 780 804 833 864 895 923 938 937 924 797
-9999 -9999 -9999 -9999 -9999 -9999 -9999 -9999 -9999 -9999 -9999 -9999 137 171 266 309 344 396 456 591 820 1046 988 462 249 181 206 312 513 567 657 675 687 697 711 716 718 716 712 706 695 622 598 585 610 608 612 622 639 660 688 718 752 785 802 811 797 764 730 704 685 672 662 654 649 644 644 648 655 662 673 683 696 707 720 735 752 772 794 821 850 881 909 932 806 935 801
-9999 -9999 -9999 -9999 -9999 -9999 -9999 -9999 -9999 -9999 -9999 -9999 -9999 -9999 244 269 306 383 457 569 726 858 549 203 201 219 284 449 530 621 616 622 645 661 677 684 687 686 683 682 678 616 612 612 582 581 586 596 654 633 705 687 771 796 816 828 813 781 748 720 699 682 671 664 656 651 650 652 658 665 674 684 695 705 716 728 741 760 777 799 826 858 893 783 815 825 808
-9999 -9999 -9999 -9999 -9999 -9999 -9999 -9999 -9999 -9999 -9999 -9999 -9999 -9999 -9999 270 293 355 420 523 493 448 252 242 206 188 230 482 533 658 602 599 620 637 651 657 658 655 650 645 594 589 584 580 580 584 592 606 625 648 674 702 773 795 812 818 805 780 752 726 706 691 680 672 664 658 655 656 659 664 671 681 690 700 709 720 731 743 757 773 797 829 869 910 824 842 920
-9999 -9999 -9999 -9999 -9999 -9999 -9999 -9999 -9999 -9999 -9999 -9999 -9999 -9999 -9999 209 269 307 400 465 446 173 261 211 230 200 239 536 584 630 577 591 602 619 631 635 632 625 618 585 569 568 568 570 574 581 593 609 632 657 724 712 784 789 800 803 793 771 747 722 705 694 688 681 672 665 659 657 660 665 672 680 688 696 704 713 721 729 737 747 762 793 832 878 801 826 782
-9999 -9999 -9999 -9999 -9999 -9999 -9999 -9999 -9999 -9999 -9999 -9999 -9999 -9999 -9999 203 229 270 359 460 373 220 237 220 194 211 375 560 581 576 567 583 593 607 616 616 609 598 585 573 544 547 550 556 563 574 589 610 634 662 726 717 782 782 790 790 780 762 737 712 696 696 694 688 679 668 660 659 661 666 671 678 685 692 698 704 710 714 719 725 736 760 793 828 732 746 728
-9999 -9999 -9999 -9999 -9999 -9999 -9999 -9999 -9999 -9999 -9999 -9999 -9999 -9999 -9999 151 209 263 318 435 369 157 144 189 213 267 500 568 612 681 571 582 589 601 605 602 593 578 563 548 525 529 535 544 552 618 635 657 682 666 695 754 761 774 779 779 772 755 730 700 680 697 706 696 684 675 665 661 662 666 670 676 682 688 694 697 700 703 705 707 711 723 746 775 796 671 669
-9999 -9999 -9999 -9999 -9999 -9999 -9999 -9999 -9999 -9999 -9999 -9999 -9999 -9999 -9999 151 199 270 352 398 99 102 164 153 228 338 508 545 655 650 568 585 589 599 601 597 583 567 546 541 514 518 525 533 542 554 572 647 675 669 700 743 755 764 766 767 766 754 732 699 680 697 708 700 686 678 672 666 662 664 668 672 679 685 688 691 694 697 695 691 689 687 704 727 604 616 624
-9999 -9999 -9999 -9999 -9999 -9999 -9999 -9999 -9999 -9999 -9999 -9999 -9999 -9999 126 151 237 369 512 37 113 193 165 199 378 446 491 578 599 576 574 582 602 601 602 596 583 565 546 545 514 515 520 526 533 543 613 638 630 699 708 728 747 749 752 753 758 757 742 708 691 696 699 693 684 677 671 664 659 659 663 668 674 680 684 688 689 690 689 685 673 661 676 701 575 587 597
-9999 -9999 -9999 -9999 -9999 -9999 -9999 -9999 -9999 -9999 -9999 -9999 -9999 102 166 237 403 583 763 96 125 204 196 216 427 530 562 587 576 590 596 591 627 610 607 601 588 571 553 528 521 544 520 524 529 536 602 630 626 672 712 735 734 732 731 733 740 749 732 702 690 688 688 684 678 671 665 660 653 651 652 660 668 674 676 680 683 689 692 687 676 666 546 556 566 575 580
-9999 -9999 -9999 -9999 -9999 -9999 -9999 -9999 -9999 -9999 -9999 -9999 96 151 248 437 628 820 690 56 75 213 228 269 394 502 558 571 584 631 623 605 632 622 617 610 598 583 587 572 561 525 524 526 531 585 555 586 623 662 694 714 716 712 706 703 708 716 694 679 676 677 675 673 669 664 657 652 646 642 640 643 652 662 667 671 675 689 702 697 685 678 558 561 564 571 574
-9999 -9999 -9999 -9999 -9999 -9999 -9999 -9999 -9999 -9999 -9999 68 104 209 386 488 592 838 40 83 66 134 242 261 371 445 540 582 605 630 627 623 646 637 630 622 611 618 581 587 574 563 529 529 535 586 603 590 622 654 682 693 693 690 683 675 676 679 671 665 665 665 666 664 661 656 650 645 638 631 627 626 632 643 654 663 670 686 726 709 692 578 571 567 569 572 573
-9999 -9999 -9999 -9999 -9999 -9999 -9999 -9999 -9999 -9999 45 66 109 288 346 382 463 571 698 50 70 240 219 259 328 441 528 572 604 628 637 642 657 648 642 635 625 612 597 579 585 573 534 534 540 551 568 593 622 660 671 680 677 670 664 658 657 660 660 659 657 657 658 657 654 650 645 638 631 622 613 603 601 620 641 658 672 694 718 700 694 588 582 579 578 577 574
-9999 -9999 -9999 -9999 -9999 -9999 -9999 -9999 -9999 -9999 36 52 102 197 215 255 304 398 471 425 174 201 246 288 334 431 514 574 616 646 655 656 662 657 652 645 639 626 611 593 595 544 538 536 541 552 572 595 634 646 668 677 663 650 652 653 651 653 656 654 652 651 651 651 650 646 641 634 627 617 606 593 587 611 638 658 680 703 711 607 602 597 593 589 587 584 580
-9999 -9999 -9999 -9999 -9999 -9999 -9999 -9999 -9999 -9999 24 48 106 108 144 172 212 321 472 411 169 211 245 281 328 378 491 559 628 661 666 666 663 659 656 653 650 642 627 624 602 562 571 565 539 552 571 595 616 643 667 684 651 637 649 656 658 661 657 652 648 649 648 649 647 644 640 634 627 619 611 604 605 619 641 664 685 706 717 612 609 606 603 602 597 592 587
-9999 -9999 -9999 -9999 -9999 -9999 -9999 -9999 -9999 -9999 20 36 58 71 97 137 174 339 515 356 395 234 245 266 324 370 466 533 648 670 669 638 658 655 653 654 656 656 640 612 587 563 544 533 534 574 570 588 613 638 659 671 658 653 665 673 676 672 660 646 643 644 647 648 647 644 642 638 632 626 621 620 623 579 653 671 691 614 618 617 616 617 615 613 608 602 595
-9999 -9999 -9999 -9999 -9999 -9999 -9999 -9999 -9999 -9999 23 32 43 53 67 113 166 345 469 455 334 248 227 240 309 356 439 525 609 648 646 598 630 639 642 647 652 655 639 614 587 563 539 552 523 538 567 586 611 632 650 660 663 670 686 619 694 682 657 637 632 641 649 650 648 648 647 643 640 638 636 636 580 651 665 600 609 615 619 621 624 627 628 626 621 612 601
-9999 -9999 -9999 -9999 -9999 -9999 -9999 -9999 -9999 -9999 20 27 33 40 57 101 142 207 411 441 367 347 271 227 287 333 378 497 538 539 557 503 559 599 622 629 635 636 626 609 587 563 536 510 511 534 561 586 611 630 644 653 661 675 622 636 637 687 655 625 626 653 651 651 651 653 653 652 650 650 650 653 657 668 678 693 611 616 621 627 631 635 638 638 633 622 611
-9999 -9999 -9999 -9999 -9999 -9999 -9999 -9999 -9999 -9999 20 25 29 31 46 88 123 159 221 322 362 351 253 252 275 312 345 427 460 446 452 455 496 515 553 597 614 615 611 602 588 572 548 517 515 541 567 593 545 558 566 571 579 592 611 625 625 676 649 625 621 634 646 651 655 659 661 660 662 663 665 668 596 682 605 610 613 619 625 630 636 640 647 653 647 632 615
-9999 -9999 -9999 -9999 -9999 -9999 -9999 -9999 -9999 -9999 -9999 21 23 26 40 71 107 129 197 263 352 259 257 218 253 277 309 334 340 352 352 370 401 434 500 511 540 595 597 595 591 585 577 556 548 510 521 606 624 559 564 637 567 577 593 605 608 662 645 630 625 631 642 653 661 666 669 672 675 677 602 602 604 607 610 612 617 621 626 631 635 642 651 659 654 635 615
-9999 -9999 -9999 -9999 -9999 -9999 -9999 -9999 -9999 -9999 -9999 -9999 23 25 35 56 84 112 165 258 346 346 362 257 251 235 247 283 320 312 307 325 355 379 408 442 459 523 586 590 593 594 594 581 536 532 535 544 556 562 565 559 554 563 578 590 655 590 582 639 637 641 652 661 670 675 681 684 688 691 609 611 610 613 613 616 619 623 627 629 635 639 644 648 644 629 613
-9999 -9999 -9999 -9999 -9999 -9999 -9999 -9999 -9999 -9999 -9999 19 21 24 33 45 65 85 111 191 375 323 350 223 261 182 192 204 240 302 272 300 329 391 424 440 424 459 565 585 594 556 557 552 545 544 547 554 562 568 567 553 541 552 566 578 584 649 583 648 648 655 662 670 678 686 692 697 702 618 618 618 618 617 618 619 621 623 625 626 629 631 633 635 630 621 606
-9999 -9999 -9999 -9999 -9999 -9999 -9999 -9999 -9999 -9999 -9999 27 22 24 29 39 50 66 97 136 269 350 285 219 194 161 214 261 210 252 272 318 324 331 422 426 400 400 483 577 551 551 547 545 547 550 553 560 568 571 566 552 543 551 564 574 582 585 586 656 589 665 673 603 610 698 705 710 714 628 627 625 624 623 620 621 621 623 621 620 620 620 621 620 617 610 600
