layers/bio18_SA.asc
ncols        300
nrows        420
xllcorner    -83.000000000000
yllcorner    -57.000000000000
cellsize     0.166666666667
NODATA_value  -9999
[rows 114 to 151 of 420, columns 0 to 86 of 300]
-9999 -9999 -9999 -9999 -9999 -9999 -9999 -9999 -9999 -9999 -9999 24 22 21 26 32 41 52 75 126 229 378 347 257 256 208 156 197 281 285 262 307 404 348 365 410 379 367 403 555 575 573 551 542 549 554 557 563 568 568 562 555 551 556 567 575 647 587 590 594 671 676 606 613 620 626 633 724 729 733 635 631 629 625 623 623 621 620 617 614 611 609 608 606 604 602 596
-9999 -9999 -9999 -9999 -9999 -9999 -9999 -9999 -9999 -9999 -9999 -9999 18 20 23 27 32 39 53 82 196 364 379 302 283 300 211 178 213 282 260 286 305 321 309 337 331 357 382 449 601 596 576 554 557 557 555 558 559 560 558 556 555 562 571 579 586 592 595 600 680 608 614 703 629 637 644 648 648 646 642 637 631 627 624 622 621 618 613 607 603 598 592 591 592 593 593
-9999 -9999 -9999 -9999 -9999 -9999 -9999 -9999 -9999 -9999 -9999 -9999 17 20 21 22 25 29 39 62 137 282 358 337 305 338 329 250 189 281 300 326 265 282 316 313 319 331 364 359 415 522 572 572 561 554 550 550 550 551 553 554 559 566 576 583 590 597 678 604 609 613 704 713 724 734 744 659 660 655 648 640 633 627 623 622 619 616 610 603 594 584 577 573 577 585 592
-9999 -9999 -9999 -9999 -9999 -9999 -9999 -9999 -9999 -9999 -9999 -9999 -9999 -9999 -9999 21 20 21 24 37 83 118 230 333 321 361 338 307 322 220 321 349 281 280 294 314 327 351 340 286 348 438 505 541 549 546 541 538 538 541 545 552 560 570 580 589 597 602 687 692 612 702 623 631 642 744 665 767 670 662 652 640 632 625 621 620 619 615 607 597 587 573 559 555 563 573 583
-9999 -9999 -9999 -9999 -9999 -9999 -9999 -9999 -9999 -9999 -9999 -9999 -9999 -9999 -9999 -9999 -9999 16 14 17 42 99 180 385 404 411 397 435 278 218 318 351 275 280 304 313 347 351 295 264 290 390 438 486 524 532 530 526 524 529 538 547 559 573 585 595 603 693 610 611 701 615 622 631 642 656 671 778 680 667 651 637 626 619 616 618 617 614 605 595 584 570 557 551 556 562 566
-9999 -9999 -9999 -9999 -9999 -9999 -9999 -9999 -9999 -9999 -9999 -9999 -9999 15 -9999 -9999 -9999 -9999 11 15 24 56 152 352 364 375 411 454 341 248 296 427 325 288 309 336 368 340 276 251 282 387 429 470 502 522 518 512 509 516 527 540 556 575 591 603 611 614 613 612 610 612 616 722 636 651 672 690 686 661 641 626 618 614 615 620 621 616 607 595 583 570 560 552 551 553 552
-9999 -9999 -9999 -9999 -9999 -9999 -9999 -9999 -9999 -9999 -9999 -9999 -9999 -9999 -9999 -9999 -9999 -9999 -9999 11 15 45 106 281 343 385 403 364 378 348 251 417 422 346 300 368 378 359 305 297 326 412 447 491 510 518 511 499 496 503 519 534 553 573 595 611 620 619 614 609 604 602 604 714 620 740 757 677 669 639 619 609 606 607 615 625 627 622 610 594 582 570 559 550 547 545 541
-9999 -9999 -9999 -9999 -9999 -9999 -9999 -9999 -9999 -9999 -9999 -9999 -9999 -9999 -9999 -9999 -9999 -9999 -9999 10 12 21 97 196 274 299 347 370 332 369 298 347 431 326 303 384 419 425 397 390 438 462 487 500 515 522 507 477 482 492 513 530 549 572 685 614 627 622 612 602 593 688 586 700 709 718 617 623 614 597 584 584 587 596 609 624 634 624 607 593 579 568 557 549 542 536 530
-9999 -9999 -9999 -9999 -9999 -9999 -9999 -9999 -9999 -9999 -9999 -9999 -9999 -9999 -9999 -9999 -9999 -9999 -9999 -9999 8 11 131 260 275 334 355 402 377 352 294 288 416 331 305 348 439 504 512 501 486 529 527 546 572 534 516 479 508 486 502 520 540 646 593 618 630 618 710 590 681 571 567 680 570 574 574 687 554 542 541 552 565 580 595 611 621 613 600 588 576 565 555 547 539 533 523
-9999 -9999 -9999 -9999 -9999 -9999 -9999 -9999 -9999 -9999 -9999 -9999 -9999 -9999 -9999 -9999 -9999 -9999 -9999 -9999 6 8 37 145 146 219 266 350 369 303 367 304 368 361 304 328 403 614 596 610 576 584 615 618 581 604 533 505 533 537 499 512 529 633 578 600 719 600 587 575 669 550 544 545 669 543 660 648 500 485 498 523 544 561 576 587 595 593 587 579 570 561 553 544 536 528 519
-9999 -9999 -9999 -9999 -9999 -9999 -9999 -9999 -9999 -9999 -9999 -9999 -9999 -9999 -9999 -9999 -9999 -9999 -9999 -9999 4 5 9 29 133 259 270 304 379 369 363 346 331 391 333 312 365 686 581 607 652 650 701 681 691 659 622 532 560 498 551 563 516 612 552 667 576 688 683 557 667 656 654 656 655 650 640 625 602 449 474 506 529 546 557 566 570 571 571 569 563 557 549 542 533 526 518
-9999 -9999 -9999 -9999 -9999 -9999 -9999 -9999 -9999 -9999 -9999 -9999 -9999 -9999 -9999 -9999 -9999 -9999 -9999 -9999 -9999 4 5 35 149 192 239 303 402 425 347 355 284 379 333 325 391 646 548 574 673 670 621 771 772 728 602 626 585 559 549 552 566 589 527 635 652 660 542 664 665 526 659 654 507 639 630 619 606 462 479 503 522 536 541 543 547 552 555 558 556 553 546 540 531 524 516
-9999 -9999 -9999 -9999 -9999 -9999 -9999 -9999 -9999 -9999 -9999 -9999 -9999 -9999 -9999 -9999 -9999 -9999 -9999 -9999 -9999 -9999 4 6 35 133 212 285 363 305 369 366 284 362 343 307 332 561 733 575 652 590 641 886 869 809 739 667 606 564 543 538 548 492 586 512 622 520 520 653 663 670 664 653 494 632 625 621 620 630 648 508 524 533 530 522 524 536 543 548 550 549 544 538 530 521 513
-9999 -9999 -9999 -9999 -9999 -9999 -9999 -9999 -9999 -9999 -9999 -9999 -9999 -9999 -9999 -9999 -9999 -9999 -9999 -9999 -9999 -9999 -9999 3 20 65 176 237 328 232 316 372 276 264 322 302 307 370 776 848 646 573 549 857 979 907 813 711 623 563 533 524 530 544 562 488 494 609 622 634 499 671 660 644 633 626 623 624 630 645 664 510 520 526 519 511 514 525 535 542 547 547 748 537 528 517 508
-9999 -9999 -9999 -9999 -9999 -9999 -9999 -9999 -9999 -9999 -9999 -9999 -9999 -9999 -9999 -9999 -9999 -9999 -9999 -9999 -9999 -9999 -9999 -9999 6 15 49 165 222 191 392 343 294 237 311 345 311 317 580 1040 946 507 567 987 1111 1023 751 761 640 567 529 516 517 528 545 470 474 474 473 607 621 634 633 625 620 618 619 623 633 646 661 505 509 511 509 507 512 520 529 538 544 548 547 739 718 513 502
-9999 -9999 -9999 -9999 -9999 -9999 -9999 -9999 -9999 -9999 -9999 -9999 -9999 -9999 -9999 -9999 -9999 -9999 -9999 -9999 -9999 -9999 -9999 -9999 3 6 24 96 138 172 214 337 201 233 261 321 308 307 387 824 836 639 739 1041 990 1163 821 702 684 598 552 522 515 524 537 458 458 456 573 576 442 588 594 599 604 608 613 619 628 639 652 662 494 498 500 502 508 515 523 534 543 551 762 743 716 689 667
-9999 -9999 -9999 -9999 -9999 -9999 -9999 -9999 -9999 -9999 -9999 -9999 -9999 -9999 -9999 -9999 -9999 -9999 -9999 -9999 -9999 -9999 -9999 -9999 -9999 3 9 37 120 180 202 369 344 257 255 327 298 306 325 482 926 725 586 958 1103 1029 893 753 752 651 588 546 530 454 536 451 551 443 436 426 543 412 422 578 589 598 605 612 622 633 642 651 659 486 490 496 502 509 518 740 540 770 773 744 707 674 650
-9999 -9999 -9999 -9999 -9999 -9999 -9999 -9999 -9999 -9999 -9999 -9999 -9999 -9999 -9999 -9999 -9999 -9999 -9999 -9999 -9999 -9999 -9999 -9999 -9999 2 2 17 88 212 277 341 410 243 257 277 332 311 282 343 822 795 483 989 1204 1122 945 785 792 686 525 490 471 460 454 449 550 438 428 415 397 516 544 566 580 591 598 606 616 625 633 642 469 661 482 491 498 503 510 728 740 758 766 732 695 657 627
-9999 -9999 -9999 -9999 -9999 -9999 -9999 -9999 -9999 -9999 -9999 -9999 -9999 -9999 -9999 -9999 -9999 -9999 -9999 -9999 -9999 -9999 -9999 -9999 -9999 3 8 10 39 110 294 262 406 299 322 296 278 298 261 294 519 941 601 734 1470 1120 939 773 654 579 532 594 480 468 460 454 446 554 429 417 406 403 416 568 579 588 594 603 611 619 629 636 461 654 477 488 700 703 705 707 712 718 718 701 675 646 615
-9999 -9999 -9999 -9999 -9999 -9999 -9999 -9999 -9999 -9999 -9999 -9999 -9999 -9999 -9999 -9999 -9999 -9999 -9999 -9999 -9999 -9999 -9999 -9999 -9999 -9999 9 10 22 103 316 316 346 382 379 296 305 300 258 348 508 732 827 477 946 1257 870 724 619 562 525 606 490 477 468 460 454 447 439 432 562 569 435 583 587 590 592 600 608 619 627 636 643 659 681 697 698 696 690 686 679 672 674 670 656 639 623
-9999 -9999 -9999 -9999 -9999 -9999 -9999 -9999 -9999 -9999 -9999 -9999 -9999 -9999 -9999 -9999 -9999 -9999 -9999 -9999 -9999 -9999 -9999 -9999 -9999 -9999 -9999 9 13 63 237 347 352 379 371 285 303 312 296 277 288 378 452 410 776 1098 973 673 588 514 507 513 498 487 478 470 465 460 454 450 451 604 605 600 461 463 465 601 610 620 628 637 649 665 685 697 694 685 677 667 654 643 645 645 640 631 466
-9999 -9999 -9999 -9999 -9999 -9999 -9999 -9999 -9999 -9999 -9999 -9999 -9999 -9999 -9999 -9999 -9999 -9999 -9999 -9999 -9999 -9999 -9999 -9999 -9999 -9999 -9999 7 12 29 111 318 347 364 358 359 363 302 332 317 295 249 332 249 580 982 895 784 584 565 502 521 507 497 488 482 478 474 471 468 468 471 471 471 609 473 474 473 614 623 632 641 652 665 678 686 682 674 664 653 641 633 631 631 628 465 465
-9999 -9999 -9999 -9999 -9999 -9999 -9999 -9999 -9999 -9999 -9999 -9999 -9999 -9999 -9999 -9999 -9999 -9999 -9999 -9999 -9999 -9999 -9999 -9999 -9999 -9999 -9999 7 10 22 92 323 333 353 337 342 357 301 322 346 303 230 251 239 486 884 854 630 581 575 564 541 520 506 497 491 490 487 485 483 483 482 482 483 483 482 616 617 623 628 637 645 654 662 670 672 670 663 654 643 634 627 622 620 621 462 463
-9999 -9999 -9999 -9999 -9999 -9999 -9999 -9999 -9999 -9999 -9999 -9999 -9999 -9999 -9999 -9999 -9999 -9999 -9999 -9999 -9999 -9999 -9999 -9999 -9999 -9999 -9999 -9999 6 12 46 158 334 318 337 340 351 287 314 282 197 272 311 273 430 759 845 630 595 590 587 558 539 513 504 502 500 498 497 496 495 493 492 492 628 490 489 487 631 485 642 648 653 660 663 662 660 651 644 634 625 619 615 455 457 460 461
-9999 -9999 -9999 -9999 -9999 -9999 -9999 -9999 -9999 -9999 -9999 -9999 -9999 -9999 -9999 -9999 -9999 -9999 -9999 -9999 -9999 -9999 -9999 -9999 -9999 -9999 -9999 -9999 4 6 21 122 293 322 320 347 352 369 302 335 234 365 341 282 441 673 858 653 639 628 602 566 542 516 509 508 507 507 507 508 506 504 502 502 637 499 635 638 495 644 647 652 655 658 482 655 651 644 636 626 618 613 608 452 454 457 460
-9999 -9999 -9999 -9999 -9999 -9999 -9999 -9999 -9999 -9999 -9999 -9999 -9999 -9999 -9999 -9999 -9999 -9999 -9999 -9999 -9999 -9999 -9999 -9999 -9999 -9999 -9999 -9999 -9999 3 14 118 103 332 342 340 371 368 389 315 269 352 331 271 294 632 645 667 678 649 607 558 527 515 505 509 514 515 518 519 514 514 512 512 510 508 507 647 649 651 653 656 658 658 655 651 646 637 628 619 611 605 602 449 452 456 460
-9999 -9999 -9999 -9999 -9999 -9999 -9999 -9999 -9999 -9999 -9999 -9999 -9999 -9999 -9999 -9999 -9999 -9999 -9999 -9999 -9999 -9999 -9999 -9999 -9999 -9999 -9999 -9999 -9999 2 8 22 82 303 320 322 376 388 392 312 337 426 407 344 303 399 574 651 652 634 607 562 526 509 495 506 518 521 524 523 522 521 520 520 519 518 515 656 657 659 660 661 661 659 655 651 643 632 623 611 604 446 445 447 449 454 459
-9999 -9999 -9999 -9999 -9999 -9999 -9999 -9999 -9999 -9999 -9999 -9999 -9999 -9999 -9999 -9999 -9999 -9999 -9999 -9999 -9999 -9999 -9999 -9999 -9999 -9999 -9999 -9999 -9999 -9999 1 7 37 130 217 343 369 380 383 358 352 437 461 345 302 357 493 603 619 607 582 565 543 500 474 492 513 522 526 641 527 525 526 527 526 524 524 664 665 667 669 670 667 665 659 652 642 629 617 607 601 594 442 443 444 447 456
-9999 -9999 -9999 -9999 -9999 -9999 -9999 -9999 -9999 -9999 -9999 -9999 -9999 -9999 -9999 -9999 -9999 -9999 -9999 -9999 -9999 -9999 -9999 -9999 -9999 -9999 -9999 -9999 -9999 -9999 0 2 13 92 309 375 371 382 399 361 348 418 450 293 304 421 637 527 572 563 554 548 535 508 483 476 494 515 523 526 527 530 531 532 662 531 531 672 675 678 681 681 677 672 664 654 643 630 616 605 596 441 441 442 442 442 448
-9999 -9999 -9999 -9999 -9999 -9999 -9999 -9999 -9999 -9999 -9999 -9999 -9999 -9999 -9999 -9999 -9999 -9999 -9999 -9999 -9999 -9999 -9999 -9999 -9999 -9999 -9999 -9999 -9999 -9999 -9999 3 6 36 223 290 350 382 410 410 414 390 404 294 268 380 660 506 518 528 499 515 515 505 491 456 476 499 511 518 525 529 532 535 537 538 675 680 685 691 693 693 690 684 676 665 650 633 615 600 588 584 441 444 442 434 441
-9999 -9999 -9999 -9999 -9999 -9999 -9999 -9999 -9999 -9999 -9999 -9999 -9999 -9999 -9999 -9999 -9999 -9999 -9999 -9999 -9999 -9999 -9999 -9999 -9999 -9999 -9999 -9999 -9999 -9999 -9999 3 3 13 51 152 375 412 423 433 436 414 422 336 245 482 489 465 502 485 493 455 452 479 496 447 460 483 497 615 519 525 649 536 540 546 685 692 697 702 706 706 704 700 690 676 660 641 621 600 585 582 445 451 455 443 445
-9999 -9999 -9999 -9999 -9999 -9999 -9999 -9999 -9999 -9999 -9999 -9999 -9999 -9999 -9999 -9999 -9999 -9999 -9999 -9999 -9999 -9999 -9999 -9999 -9999 -9999 -9999 -9999 -9999 -9999 -9999 1 1 6 26 115 217 328 432 464 431 417 391 277 222 320 362 309 454 477 444 428 395 456 441 437 544 577 488 605 619 522 530 537 545 550 692 701 708 716 720 721 722 718 709 695 677 656 631 607 588 585 591 455 458 453 448
-9999 -9999 -9999 -9999 -9999 -9999 -9999 -9999 -9999 -9999 -9999 -9999 -9999 -9999 -9999 -9999 -9999 -9999 -9999 -9999 -9999 -9999 -9999 -9999 -9999 -9999 -9999 -9999 -9999 -9999 0 -9999 1 4 7 26 123 344 419 489 466 398 344 243 216 257 331 298 329 465 533 540 432 412 445 442 458 473 482 594 609 626 642 537 546 685 697 568 720 729 738 743 744 740 733 724 704 680 651 622 598 595 600 459 459 458 452
-9999 -9999 -9999 -9999 -9999 -9999 -9999 -9999 -9999 -9999 -9999 -9999 -9999 -9999 -9999 -9999 -9999 -9999 -9999 -9999 -9999 -9999 -9999 -9999 -9999 -9999 -9999 -9999 -9999 -9999 -9999 -9999 -9999 -9999 4 25 81 190 413 476 484 434 340 340 267 314 275 289 316 327 401 518 524 456 452 356 439 479 567 582 602 620 637 655 670 685 701 715 730 746 759 768 772 771 762 752 738 716 686 658 635 623 618 468 464 459 454
-9999 -9999 -9999 -9999 -9999 -9999 -9999 -9999 -9999 -9999 -9999 -9999 -9999 -9999 -9999 -9999 -9999 -9999 -9999 -9999 -9999 -9999 -9999 -9999 -9999 -9999 -9999 -9999 -9999 -9999 -9999 -9999 -9999 -9999 5 15 50 189 319 437 434 462 412 365 232 253 336 295 304 304 328 453 502 448 499 426 376 478 560 573 592 611 632 651 669 687 705 723 741 760 779 793 802 804 799 786 770 751 724 695 669 653 640 631 472 463 456
-9999 -9999 -9999 -9999 -9999 -9999 -9999 -9999 -9999 -9999 -9999 -9999 -9999 -9999 -9999 -9999 -9999 -9999 -9999 -9999 -9999 -9999 -9999 -9999 -9999 -9999 -9999 -9999 -9999 -9999 -9999 0 -9999 -9999 5 5 31 80 148 322 479 486 462 410 401 248 256 349 289 296 317 331 467 445 491 540 403 426 551 568 580 603 499 515 659 687 709 733 753 775 798 819 833 842 842 834 815 789 765 734 705 681 660 644 633 466 458
-9999 -9999 -9999 -9999 -9999 -9999 -9999 -9999 -9999 -9999 -9999 -9999 -9999 -9999 -9999 -9999 -9999 -9999 -9999 -9999 -9999 -9999 -9999 -9999 -9999 -9999 -9999 -9999 -9999 -9999 -9999 -9999 -9999 -9999 1 4 7 39 136 275 418 474 481 465 433 315 176 329 261 265 273 347 376 576 496 500 361 357 546 550 568 587 461 447 475 496 545 740 769 795 820 845 872 885 885 880 870 844 810 774 738 709 685 663 486 472 462
-9999 -9999 -9999 -9999 -9999 -9999 -9999 -9999 -9999 -9999 -9999 -9999 -9999 -9999 -9999 -9999 -9999 -9999 -9999 -9999 -9999 -9999 -9999 -9999 -9999 -9999 -9999 -9999 -9999 -9999 -9999 -9999 -9999 -9999 -9999 3 3 18 87 229 256 467 500 468 463 423 294 256 216 227 263 284 385 592 474 411 364 449 402 525 544 552 426 404 368 379 483 723 777 813 845 873 902 928 942 935 923 895 860 819 778 736 702 676 654 638 466
