layers/bio16_SA.asc
ncols        300
nrows        420
xllcorner    -83.000000000000
yllcorner    -57.000000000000
cellsize     0.166666666667
NODATA_value  -9999
[rows 152 to 189 of 420, columns 174 to 260 of 300]
1023 1037 1044 1040 1023 997 966 934 903 877 854 834 818 808 801 793 788 789 792 801 814 823 830 828 824 807 777 745 705 682 690 705 736 765 785 794 760 734 728 740 774 796 800 811 826 865 922 896 859 820 791 758 692 630 590 533 496 483 468 466 459 441 429 418 398 390 406 383 372 370 365 347 340 380 397 392 377 317 269 240 243 291 310 285 254 223 202
1003 1011 1012 1006 990 968 942 916 890 868 850 834 822 814 805 799 795 797 801 809 818 824 829 832 830 818 788 756 724 707 716 730 761 778 778 767 720 698 715 737 767 796 812 805 819 849 902 891 854 817 786 745 687 629 584 541 509 489 476 459 444 437 428 413 389 374 398 384 368 367 371 346 330 341 352 402 421 341 285 263 266 280 293 267 240 219 206
983 986 982 972 958 939 915 895 874 858 843 833 826 817 809 803 802 804 810 816 824 830 836 847 842 832 811 785 765 753 754 763 800 817 775 777 728 694 706 733 763 782 831 812 806 841 888 865 826 790 754 713 662 614 579 549 525 496 475 455 445 444 444 432 421 418 418 405 377 372 392 374 343 330 335 379 432 353 309 295 293 291 264 244 225 227 237
966 961 953 941 926 910 891 873 856 842 834 827 827 819 813 808 809 812 818 825 834 842 856 863 865 850 835 818 807 799 791 792 840 850 775 788 762 702 706 723 749 800 830 826 802 817 839 821 786 753 716 675 631 593 563 547 529 493 462 469 476 476 481 461 448 449 445 429 394 384 413 425 381 370 361 377 407 336 322 320 326 310 275 252 244 251 288
947 935 922 910 897 881 865 848 834 823 819 817 821 819 812 811 813 818 824 831 840 854 878 889 878 866 852 851 850 838 815 813 841 843 770 745 839 716 707 736 759 758 789 781 777 783 804 776 746 715 680 640 597 560 532 529 524 488 461 513 538 588 561 481 467 466 462 446 415 406 436 477 420 418 395 384 377 335 323 320 322 300 275 262 259 272 313
916 900 890 879 869 854 837 824 807 799 800 805 811 815 810 811 815 823 829 834 840 853 887 896 869 861 859 869 875 853 825 819 860 818 743 742 852 785 728 718 771 741 736 721 701 716 765 735 711 681 648 610 571 531 508 510 512 482 480 534 544 667 611 495 479 482 469 452 446 433 462 493 448 448 416 385 381 347 322 299 291 290 278 257 240 262 316
869 860 854 848 842 828 814 795 776 768 780 798 808 806 804 809 817 825 832 835 835 836 833 835 842 850 864 886 881 859 837 830 894 826 762 724 843 908 895 791 729 692 732 665 647 654 699 706 680 655 626 594 558 524 498 513 524 471 421 485 513 556 545 488 488 499 474 447 452 446 442 462 442 426 385 395 386 362 320 288 290 300 276 255 247 284 336
816 816 818 819 818 807 792 772 755 740 760 786 802 791 796 804 815 826 835 839 832 815 793 799 823 841 867 881 880 864 863 884 951 883 818 754 818 907 937 855 736 718 692 641 633 636 689 692 664 641 613 583 555 533 522 535 520 475 442 450 465 487 481 462 504 521 491 456 448 449 429 431 407 378 353 389 372 346 313 288 293 298 285 270 270 320 363
766 776 786 792 799 790 775 759 741 732 743 763 769 778 788 798 811 823 833 839 834 813 801 803 815 836 851 868 877 879 910 1004 1058 972 924 808 821 827 838 900 829 774 710 640 655 666 713 693 667 643 614 585 567 554 546 540 510 461 449 451 455 456 439 447 484 496 478 458 454 455 425 383 361 345 336 360 352 320 306 284 291 297 296 295 304 387 373
761 769 765 764 774 774 763 752 733 722 731 746 754 765 779 792 806 818 828 834 831 820 812 813 818 837 857 878 887 901 971 1020 1034 955 886 856 780 779 856 924 873 842 683 649 659 704 749 715 679 654 626 606 587 572 558 540 505 468 463 464 460 440 419 437 438 443 451 454 465 464 427 371 349 326 324 327 330 322 311 297 294 288 279 290 334 368 390
799 802 784 759 765 765 763 749 732 728 740 740 743 757 772 785 798 811 821 831 828 824 820 815 823 836 853 868 883 916 932 937 943 917 856 844 800 871 917 879 771 697 657 661 676 746 776 742 696 663 639 621 605 586 568 554 532 502 495 486 465 444 431 430 427 434 450 461 486 482 421 372 351 326 316 309 311 319 320 314 306 298 283 311 366 388 387
862 860 834 804 785 774 764 756 738 731 734 734 740 753 767 779 793 807 818 827 827 822 814 815 824 841 863 866 876 891 878 895 903 923 837 833 831 872 873 863 743 681 656 655 664 721 720 705 693 667 651 635 618 601 579 566 546 514 513 498 478 458 445 438 444 459 468 465 515 504 436 396 362 344 327 319 313 301 309 312 299 297 300 325 408 413 386
931 927 893 859 830 803 788 773 754 738 736 736 743 753 764 775 787 801 812 822 825 821 810 806 809 847 875 903 918 856 846 871 886 881 822 806 822 828 840 832 720 674 655 643 643 652 665 673 681 670 660 649 630 612 595 570 550 546 534 511 491 476 455 451 465 485 493 465 505 499 447 391 364 348 333 326 327 304 314 306 286 291 298 340 414 408 389
991 995 947 904 867 834 808 787 764 743 739 743 747 755 763 773 781 794 807 821 826 825 816 821 827 866 910 987 923 832 816 829 840 838 809 796 815 816 814 799 712 683 665 648 637 668 640 650 674 668 663 655 649 632 600 586 579 571 547 516 502 502 487 465 468 486 487 468 502 489 455 422 386 355 343 347 354 351 333 306 287 278 300 353 394 388 380
1006 1009 968 926 884 842 814 789 772 755 748 749 753 759 766 772 778 790 808 824 837 840 841 860 861 904 1023 974 892 821 801 795 791 802 788 784 790 793 799 769 730 710 688 670 686 682 625 639 662 664 667 675 665 642 621 609 599 584 553 516 494 516 534 477 463 462 455 474 532 520 481 450 415 375 373 382 382 385 366 335 312 295 313 358 368 364 374
969 975 957 922 885 853 831 806 801 772 759 758 761 767 772 778 787 798 816 839 857 867 865 887 923 973 971 907 843 802 791 768 763 766 753 746 744 753 768 772 762 745 736 702 688 678 639 638 655 663 668 675 677 658 636 625 611 593 565 523 494 497 507 484 466 479 486 479 547 523 481 458 444 422 419 422 425 421 398 356 333 326 327 342 353 359 363
936 937 927 908 883 858 839 817 821 782 777 768 770 774 780 788 798 809 825 847 877 897 898 910 937 917 879 837 809 780 756 742 734 724 713 706 709 721 740 776 799 786 773 747 704 682 661 647 652 659 668 675 672 656 643 631 618 600 578 544 515 493 482 473 467 488 477 514 515 493 464 446 443 433 436 455 462 459 416 368 343 345 349 346 360 363 367
906 909 900 879 857 840 829 832 837 825 804 778 778 781 789 798 808 814 830 848 899 931 926 930 918 882 831 803 779 742 725 720 711 706 698 693 689 693 703 772 805 802 777 752 720 681 669 668 660 663 674 670 661 647 639 627 614 603 600 586 538 499 475 466 466 479 484 518 484 466 449 423 427 438 453 469 462 447 420 379 348 351 357 349 353 357 357
879 886 885 873 847 828 810 809 826 829 801 786 784 785 795 804 811 809 808 816 893 933 926 919 878 829 793 784 755 729 715 713 704 699 692 687 688 673 672 734 781 783 771 749 719 698 667 674 672 674 665 660 648 639 630 616 593 585 602 588 542 504 474 461 473 493 501 525 499 477 446 423 436 463 488 501 467 446 428 395 376 363 355 345 342 343 350
861 876 882 871 848 825 814 807 813 811 800 793 786 788 799 812 821 815 800 788 835 904 918 916 873 832 808 792 775 746 731 719 708 703 692 682 689 692 687 722 758 769 752 716 698 686 668 672 666 667 660 653 642 625 601 568 532 516 581 569 540 511 482 468 486 519 539 556 538 503 474 458 465 485 498 495 459 430 404 397 392 376 355 337 340 345 335
867 883 887 872 847 824 811 807 811 824 818 798 777 780 799 824 842 834 817 824 841 875 899 911 890 860 831 809 789 767 741 721 712 707 708 710 762 745 719 726 746 763 751 731 717 707 678 665 661 661 659 651 641 620 574 499 488 526 572 565 545 525 502 491 501 541 567 576 559 529 501 485 483 483 484 463 430 397 400 414 402 382 357 336 333 343 349
870 895 908 887 858 832 816 807 799 805 813 789 759 772 806 832 847 850 848 848 859 883 891 909 900 875 836 810 784 764 740 718 708 712 737 758 845 768 725 719 728 742 745 741 729 712 682 670 662 656 655 648 642 633 607 534 537 553 584 562 552 545 528 519 522 551 576 578 566 543 516 503 495 488 487 484 483 454 430 419 405 382 359 340 330 347 364
868 897 911 898 873 841 816 795 784 787 801 802 792 794 825 852 857 858 872 868 875 887 890 887 875 853 817 787 761 740 719 709 707 711 732 766 766 734 696 692 701 712 719 719 723 709 683 667 656 649 642 639 645 649 640 602 586 595 616 569 577 575 554 545 549 558 566 573 567 550 523 511 503 494 493 497 489 457 438 431 407 383 363 347 338 350 374
853 881 894 902 886 855 831 804 773 792 820 817 824 836 843 856 874 873 862 872 897 871 865 844 820 798 775 751 729 709 699 694 699 704 716 739 749 685 656 663 675 682 692 704 715 709 694 675 657 637 621 613 635 638 654 642 622 621 628 604 602 588 573 572 567 568 564 567 566 549 521 515 501 495 492 491 481 459 447 430 401 374 351 343 345 365 385
837 859 872 880 884 874 847 817 811 831 855 858 871 877 873 862 863 861 855 847 850 832 823 797 767 748 735 719 695 677 681 678 683 692 700 693 686 640 630 640 657 671 679 703 707 703 693 677 660 633 610 600 604 600 635 648 643 638 636 623 605 587 587 604 606 584 570 562 561 545 517 516 496 482 483 477 470 463 450 424 395 366 344 349 346 382 404
818 834 846 858 871 874 854 827 814 820 842 866 884 889 872 856 839 833 821 812 799 789 780 759 736 721 713 702 674 655 662 667 671 676 684 665 654 635 628 629 638 653 664 689 690 681 681 668 654 642 620 596 592 605 635 652 655 679 697 668 638 593 585 609 602 586 570 551 553 535 521 510 493 468 467 466 465 456 442 423 396 378 350 328 358 398 416
800 807 812 831 852 863 846 835 832 828 838 852 860 859 847 831 811 810 787 768 769 754 748 735 720 709 703 696 678 653 656 665 668 673 668 658 645 644 646 626 624 632 636 651 661 657 653 663 660 654 631 602 594 619 649 679 696 729 742 728 668 622 603 619 601 586 566 547 544 539 530 497 476 489 485 475 469 453 440 428 412 394 379 376 390 403 399
780 780 779 801 832 841 840 833 830 825 831 832 831 824 812 798 783 780 772 750 745 741 729 720 710 701 696 690 679 663 662 670 672 676 671 662 652 650 642 624 615 611 604 620 642 651 650 660 658 672 667 624 613 637 631 649 680 724 719 710 688 665 636 640 609 595 564 551 541 528 515 495 499 503 497 482 474 456 441 428 426 412 409 411 412 397 380
762 765 773 796 826 843 836 826 819 817 815 813 805 792 780 765 758 756 750 743 734 730 719 711 704 696 691 687 677 666 670 674 677 684 680 671 663 655 642 625 606 598 579 600 641 664 668 666 668 684 691 673 653 651 615 569 569 660 666 676 645 640 642 638 622 589 562 560 538 539 516 518 517 514 505 491 476 457 440 447 451 439 438 447 428 396 364
750 760 771 790 813 827 828 817 810 813 803 794 782 773 760 743 738 737 736 732 727 725 715 707 703 694 686 685 676 671 673 683 684 694 692 688 688 675 656 635 620 590 578 600 662 693 693 703 694 705 713 700 685 667 617 587 568 598 612 628 630 645 637 629 614 589 585 564 555 556 536 544 543 532 516 492 477 459 451 458 461 451 454 456 417 386 358
745 755 763 778 791 797 808 809 807 806 796 779 768 753 737 719 717 725 742 746 733 727 714 705 699 692 685 685 676 680 677 685 694 706 712 719 715 696 674 657 651 622 618 647 701 717 714 715 715 726 725 719 713 679 646 608 622 654 677 629 656 660 637 633 608 613 586 579 576 578 568 564 555 549 529 503 481 466 457 458 453 439 425 404 390 379 361
735 746 752 765 775 782 789 792 792 788 782 766 750 732 718 704 709 734 761 767 747 737 720 707 699 689 687 681 678 681 681 693 704 717 744 747 735 716 696 689 679 660 658 686 721 723 726 738 741 745 739 739 725 688 665 641 661 705 724 656 653 709 652 642 642 621 603 598 598 597 597 582 573 557 538 518 498 475 461 453 443 426 410 393 384 386 383
722 733 744 758 763 766 768 767 771 769 766 755 736 724 714 705 720 753 803 798 771 747 725 708 703 702 694 677 688 688 688 701 713 735 760 762 747 734 718 707 698 681 689 712 727 734 750 775 768 758 752 748 725 691 697 674 673 734 740 694 693 743 683 689 665 637 631 625 614 615 612 606 590 578 560 539 513 491 470 452 434 419 402 382 385 414 437
716 719 730 745 754 755 756 753 757 754 750 749 736 720 714 717 733 778 817 809 780 751 728 716 712 707 692 677 697 684 683 699 716 741 755 754 752 743 735 720 720 711 716 730 743 767 778 788 781 769 761 751 719 700 715 714 688 742 734 697 747 772 710 709 687 672 662 649 640 623 606 608 605 603 586 558 534 509 485 467 445 422 398 374 395 447 489
712 715 718 724 741 747 746 746 747 742 738 739 734 722 719 725 745 780 813 814 787 762 731 716 712 707 691 680 674 686 677 693 710 738 749 757 763 752 744 734 730 736 733 744 765 795 788 793 788 778 759 738 706 713 716 721 694 714 682 713 779 790 758 741 725 725 702 682 649 632 619 616 617 616 605 582 553 522 499 478 460 437 417 409 430 476 521
710 712 715 720 731 736 737 739 738 735 732 729 732 725 727 733 746 769 790 799 789 768 736 719 718 712 680 679 653 660 665 681 704 731 743 760 763 757 745 746 744 745 745 754 778 784 782 791 796 775 759 735 708 713 712 701 672 663 651 685 763 806 817 794 786 739 718 698 674 651 653 621 624 614 607 584 561 537 517 493 473 456 443 442 459 492 514
705 706 709 717 721 724 729 733 734 731 731 727 725 725 727 736 745 761 770 765 764 755 738 721 719 713 683 669 634 632 657 681 697 731 749 755 757 752 755 756 757 751 751 756 763 781 780 789 784 770 755 719 701 707 706 687 670 669 651 685 768 782 799 815 791 770 750 724 696 665 645 623 618 610 607 593 579 566 544 509 491 476 467 465 477 497 -9999
702 703 705 710 714 718 725 727 729 729 729 727 725 727 727 733 743 747 759 760 757 741 731 725 720 709 691 652 629 646 681 709 707 749 803 787 769 763 762 760 760 763 770 763 754 780 785 779 776 769 748 711 686 683 686 676 673 676 660 663 754 776 811 821 818 813 791 761 737 715 675 625 613 607 611 607 588 571 546 524 509 495 484 481 485 496 -9999
