layers/bio17_SA.asc
ncols        300
nrows        420
xllcorner    -83.000000000000
yllcorner    -57.000000000000
cellsize     0.166666666667
NODATA_value  -9999
[rows 80 to 119 of 420, columns 0 to 89 of 300]
-9999 -9999 -9999 -9999 -9999 -9999 -9999 -9999 -9999 -9999 -9999 -9999 -9999 -9999 -9999 15 24 44 92 110 111 148 161 164 188 158 143 143 244 272 315 386 543 731 695 698 707 731 679 640 602 562 521 482 450 428 418 417 419 419 412 404 397 394 390 388 387 387 389 391 395 399 407 416 428 444 462 481 502 523 548 572 595 621 645 668 664 660 662 666 672 683 690 696 701 703 702 697 688 675
-9999 -9999 -9999 -9999 -9999 -9999 -9999 -9999 -9999 -9999 -9999 -9999 -9999 -9999 -9999 11 21 39 72 92 104 124 142 142 121 116 145 160 218 262 328 504 634 723 684 687 706 716 673 632 595 555 516 479 448 431 426 426 426 425 421 418 412 410 407 405 405 405 406 409 412 416 422 430 442 459 477 496 518 542 565 590 614 640 666 661 639 619 613 635 659 672 678 684 690 693 694 692 687 676
-9999 -9999 -9999 -9999 -9999 -9999 -9999 -9999 -9999 -9999 -9999 -9999 -9999 -9999 3 11 14 26 49 60 72 86 116 130 73 84 101 138 225 282 481 725 738 647 640 675 696 686 659 624 590 552 514 478 445 437 440 437 435 433 432 430 428 426 426 426 425 425 425 427 431 434 439 448 460 476 493 513 535 558 582 607 633 659 666 642 617 595 585 608 636 661 667 674 681 686 688 687 684 677
-9999 -9999 -9999 -9999 -9999 -9999 -9999 -9999 -9999 -9999 -9999 -9999 7 6 7 11 19 29 38 37 48 62 95 108 57 67 84 154 214 395 649 728 699 616 610 642 660 657 641 617 583 550 517 486 465 465 458 449 444 443 444 445 445 444 445 446 445 445 446 447 450 454 460 469 479 494 511 531 553 575 599 625 651 672 652 631 610 593 590 605 626 649 657 664 673 680 686 688 685 680
-9999 -9999 -9999 -9999 -9999 -9999 -9999 -9999 -9999 -9999 -9999 -9999 15 15 14 14 27 45 27 22 28 45 81 89 55 82 101 192 211 454 771 735 672 630 621 632 640 638 624 609 581 552 523 498 481 473 464 455 451 453 456 460 463 466 467 467 467 467 467 469 471 475 481 488 500 513 530 548 570 592 617 642 669 665 644 626 609 598 596 605 622 638 646 654 665 676 685 690 689 685
-9999 -9999 -9999 -9999 -9999 -9999 -9999 -9999 -9999 -9999 -9999 13 15 15 20 20 25 20 14 13 17 30 67 74 67 120 118 168 205 409 826 756 685 655 640 636 637 629 617 599 578 553 528 505 486 472 461 456 458 463 471 477 483 487 490 492 491 491 490 491 493 497 502 510 520 532 547 567 587 610 634 660 669 657 641 625 610 601 599 606 620 628 634 642 659 676 688 695 695 691
-9999 -9999 -9999 -9999 -9999 -9999 -9999 -9999 -9999 -9999 -9999 -9999 -9999 20 27 32 24 17 10 10 11 21 61 69 63 118 138 166 336 664 894 822 732 682 659 645 637 627 615 600 580 558 534 512 491 472 457 455 464 475 487 498 507 513 518 519 519 516 516 515 517 521 525 530 539 551 565 583 603 626 651 670 663 650 636 620 609 602 602 608 615 614 615 626 653 680 696 703 703 700
-9999 -9999 -9999 -9999 -9999 -9999 -9999 -9999 -9999 -9999 -9999 -9999 28 27 26 20 16 14 12 11 12 18 52 60 68 124 144 178 293 849 915 809 752 705 675 655 641 628 616 601 584 564 543 520 497 475 458 460 475 491 507 521 534 544 550 551 550 544 542 541 543 544 547 551 558 566 581 598 619 642 668 665 658 648 633 620 608 602 602 606 602 593 586 603 654 694 710 713 711 705
-9999 -9999 -9999 -9999 -9999 -9999 -9999 -9999 -9999 -9999 -9999 -9999 -9999 33 18 11 8 8 9 9 11 18 45 53 67 132 167 180 310 766 880 806 740 704 678 659 644 631 618 605 590 573 552 532 511 492 477 480 495 512 531 549 564 577 586 590 586 577 571 571 570 570 570 573 576 583 596 612 634 658 665 660 653 644 632 620 611 603 600 601 597 587 573 588 666 717 722 721 715 709
-9999 -9999 -9999 -9999 -9999 -9999 -9999 -9999 -9999 -9999 -9999 -9999 -9999 21 13 7 4 4 3 4 8 20 49 57 64 103 161 180 344 657 793 762 719 691 669 654 643 631 621 609 597 581 565 546 528 514 507 509 521 539 558 578 598 616 630 635 632 621 612 607 602 598 596 593 594 598 608 625 646 660 659 654 648 641 628 616 607 599 596 596 598 596 597 622 677 719 729 727 719 710
-9999 -9999 -9999 -9999 -9999 -9999 -9999 -9999 -9999 -9999 -9999 -9999 -9999 7 7 5 3 3 2 4 10 25 57 80 72 77 116 198 378 595 677 691 681 665 654 645 637 630 622 615 605 592 577 562 548 537 533 538 548 566 587 610 634 658 677 689 687 664 645 639 636 628 621 616 612 613 620 637 654 654 653 647 638 633 622 609 598 591 588 592 599 608 623 651 690 720 731 730 719 707
-9999 -9999 -9999 -9999 -9999 -9999 -9999 -9999 -9999 -9999 -9999 2 2 2 6 12 10 5 2 4 13 34 71 105 69 79 109 269 436 555 586 619 636 636 633 631 628 625 624 621 614 603 589 576 565 557 557 562 574 592 615 640 668 697 727 747 725 697 672 656 650 646 645 639 632 628 633 645 643 645 643 635 627 623 613 600 589 582 581 585 594 612 640 675 706 730 737 731 716 700
-9999 -9999 -9999 -9999 -9999 -9999 -9999 -9999 -9999 -9999 -9999 -9999 2 2 9 26 17 7 4 8 23 48 87 67 87 99 174 267 463 501 546 583 603 611 615 616 617 617 619 622 623 611 598 585 577 572 574 582 596 615 640 667 698 732 768 768 744 715 687 667 652 645 641 638 638 636 637 638 638 636 628 624 619 612 598 585 576 569 567 573 587 609 643 681 717 740 742 732 710 688
-9999 -9999 -9999 -9999 -9999 -9999 -9999 -9999 -9999 -9999 -9999 -9999 -9999 -9999 9 10 10 6 7 16 34 61 74 100 145 175 249 401 476 520 513 564 585 594 600 603 605 606 609 613 619 609 595 587 582 581 586 596 613 633 659 687 720 754 774 766 743 714 687 665 650 639 634 632 627 625 625 623 623 620 618 613 609 598 585 571 559 552 548 551 566 593 634 683 727 751 743 719 691 665
-9999 -9999 -9999 -9999 -9999 -9999 -9999 -9999 -9999 -9999 -9999 -9999 -9999 -9999 -9999 5 7 10 11 34 53 50 109 157 144 188 227 430 467 539 507 556 566 576 588 590 591 591 591 593 594 589 584 580 580 584 592 606 625 648 674 702 733 753 754 745 725 700 677 659 641 628 618 613 608 605 602 600 599 599 596 594 588 579 568 557 544 534 527 524 537 567 614 672 736 764 736 696 659 628
-9999 -9999 -9999 -9999 -9999 -9999 -9999 -9999 -9999 -9999 -9999 -9999 -9999 -9999 -9999 6 11 15 49 62 70 59 142 138 116 192 231 470 503 523 523 548 533 549 562 571 575 576 572 569 569 568 568 570 574 581 593 609 632 657 684 712 730 733 729 716 699 675 654 634 620 609 601 594 589 583 579 577 576 577 578 575 571 564 555 544 531 518 507 497 499 530 578 638 706 740 699 657 619 585
-9999 -9999 -9999 -9999 -9999 -9999 -9999 -9999 -9999 -9999 -9999 -9999 -9999 -9999 -9999 7 11 16 56 79 38 83 122 107 121 196 323 503 504 510 531 522 512 525 536 542 542 536 533 527 526 532 539 546 562 574 589 610 634 662 687 704 712 709 701 687 670 651 630 611 596 586 582 577 569 562 554 553 557 560 561 559 557 550 543 532 520 505 490 479 477 499 533 578 622 643 630 602 572 542
-9999 -9999 -9999 -9999 -9999 -9999 -9999 -9999 -9999 -9999 -9999 -9999 -9999 -9999 -9999 3 11 23 45 72 40 36 48 101 146 242 428 487 512 556 533 513 499 509 519 520 517 506 495 486 486 494 507 518 529 544 558 580 613 643 666 680 684 680 670 658 643 624 605 588 568 564 568 561 553 545 535 534 540 545 546 546 543 539 532 521 510 496 481 467 459 464 485 514 537 552 555 547 531 512
-9999 -9999 -9999 -9999 -9999 -9999 -9999 -9999 -9999 -9999 -9999 -9999 -9999 -9999 -9999 5 9 20 47 65 38 42 70 90 181 303 449 461 551 549 529 520 497 503 507 506 498 486 471 457 456 462 472 483 491 497 508 537 577 618 644 658 657 652 641 627 615 601 585 568 546 540 549 546 538 532 528 525 527 531 532 531 531 529 524 517 505 492 475 456 440 432 441 459 470 481 497 500 497 489
-9999 -9999 -9999 -9999 -9999 -9999 -9999 -9999 -9999 -9999 -9999 -9999 -9999 -9999 1 3 8 18 37 37 38 67 84 127 349 411 448 511 529 526 527 502 522 504 503 498 488 473 457 445 441 444 448 452 449 448 456 490 539 590 629 636 630 618 608 596 587 578 571 556 540 531 531 527 523 520 517 514 513 516 519 521 521 520 517 514 505 491 473 451 425 406 409 423 432 444 459 468 470 469
-9999 -9999 -9999 -9999 -9999 -9999 -9999 -9999 -9999 -9999 -9999 -9999 -9999 0 0 3 8 21 32 34 41 69 109 187 404 504 550 546 530 548 566 510 573 510 503 494 483 468 454 440 434 431 430 425 420 413 413 452 505 560 607 609 596 583 572 562 559 560 556 547 537 525 519 512 509 506 503 502 501 502 505 509 512 510 511 509 505 496 477 449 422 401 399 406 413 424 434 443 449 452
-9999 -9999 -9999 -9999 -9999 -9999 -9999 -9999 -9999 -9999 -9999 -9999 0 1 2 6 10 18 23 23 25 58 149 258 385 495 558 555 559 589 595 519 566 520 506 495 482 466 452 439 431 426 417 409 404 399 404 434 475 518 553 560 556 547 534 525 526 537 543 534 520 512 503 495 493 491 489 488 490 490 492 495 499 502 503 506 505 497 481 450 420 400 394 398 401 410 418 426 432 438
-9999 -9999 -9999 -9999 -9999 -9999 -9999 -9999 -9999 -9999 -9999 0 1 1 4 7 8 17 16 20 21 29 117 209 366 445 540 582 595 605 591 533 590 532 512 496 482 466 451 439 428 420 410 402 396 395 401 421 449 478 501 512 512 509 500 491 490 501 506 503 496 492 484 478 475 474 474 475 477 477 482 485 489 492 494 499 491 486 473 442 411 396 390 389 393 399 405 412 419 426
-9999 -9999 -9999 -9999 -9999 -9999 -9999 -9999 -9999 -9999 0 0 0 1 3 4 3 7 15 20 22 60 76 182 307 438 527 569 604 618 572 547 599 534 512 497 482 466 451 438 426 415 405 397 393 392 398 410 427 445 460 470 473 473 469 460 458 463 467 472 469 466 462 459 457 456 457 459 462 465 468 470 474 477 481 479 467 453 435 414 397 390 385 384 386 390 394 400 406 414
-9999 -9999 -9999 -9999 -9999 -9999 -9999 -9999 -9999 -9999 0 0 0 0 1 1 1 4 8 21 27 48 129 193 295 415 501 557 583 609 574 555 580 532 512 495 480 464 450 436 423 413 401 393 388 387 391 399 408 418 427 433 439 444 445 440 431 432 439 444 445 444 439 438 437 439 441 443 446 449 453 456 460 462 464 456 441 423 407 399 390 384 381 379 381 381 383 388 393 397
-9999 -9999 -9999 -9999 -9999 -9999 -9999 -9999 -9999 -9999 0 0 0 0 0 0 0 3 11 27 36 73 131 172 260 349 470 541 590 598 573 572 562 522 505 490 474 461 447 432 420 408 397 389 384 383 384 388 394 401 403 404 407 421 431 432 424 418 423 424 421 419 416 417 419 422 425 428 432 435 440 443 445 445 445 434 420 408 396 389 385 379 376 375 373 373 374 376 376 379
-9999 -9999 -9999 -9999 -9999 -9999 -9999 -9999 -9999 -9999 0 0 0 0 0 0 0 5 22 25 50 115 126 149 246 312 435 508 595 594 577 584 538 512 494 479 467 457 442 427 414 402 391 384 379 377 377 380 384 388 391 393 400 417 435 441 439 428 419 410 402 397 397 399 401 405 411 415 419 422 426 428 429 429 425 415 403 392 385 378 373 371 369 368 366 365 364 361 363 362
-9999 -9999 -9999 -9999 -9999 -9999 -9999 -9999 -9999 -9999 0 0 0 0 0 0 0 5 33 40 44 113 105 118 215 270 384 484 561 580 560 545 530 494 476 463 451 442 431 418 404 393 386 377 372 370 371 373 375 380 384 392 404 425 447 457 457 445 421 399 383 375 376 379 387 392 398 402 404 410 412 414 414 411 405 395 388 379 372 366 363 360 358 357 354 352 350 349 347 345
-9999 -9999 -9999 -9999 -9999 -9999 -9999 -9999 -9999 -9999 0 0 0 0 0 0 0 0 11 38 84 124 144 108 181 249 301 455 498 494 504 462 486 473 453 442 433 426 414 402 392 385 377 368 362 362 363 367 369 374 380 389 403 426 452 468 469 450 416 386 362 356 359 368 374 380 385 389 393 397 397 398 396 391 385 380 372 365 359 354 352 349 346 344 342 338 336 332 328 327
-9999 -9999 -9999 -9999 -9999 -9999 -9999 -9999 -9999 -9999 0 0 0 0 0 0 0 0 2 9 67 114 147 158 161 213 266 391 421 403 399 399 421 425 427 420 411 403 397 387 379 373 371 365 359 358 359 360 362 368 374 383 397 416 439 455 453 435 404 376 355 348 353 358 363 367 372 376 379 381 381 380 378 374 370 365 358 352 347 343 340 336 334 334 330 325 320 315 311 308
-9999 -9999 -9999 -9999 -9999 -9999 -9999 -9999 -9999 -9999 -9999 0 0 0 0 0 0 0 2 7 44 99 154 110 136 189 216 265 269 283 295 312 334 355 381 381 381 376 373 368 364 361 363 362 358 354 352 353 355 361 368 377 389 404 421 431 432 415 394 371 353 346 346 349 352 355 361 363 366 366 367 364 363 360 355 349 343 339 335 331 326 323 322 321 316 310 305 299 295 290
-9999 -9999 -9999 -9999 -9999 -9999 -9999 -9999 -9999 -9999 -9999 -9999 0 0 0 0 0 0 2 6 31 87 151 145 138 134 205 199 228 231 236 254 277 296 314 327 335 347 347 346 345 344 348 352 352 349 346 346 348 351 358 372 386 397 407 413 409 398 381 365 352 345 341 342 344 346 349 352 353 353 352 351 348 344 340 334 332 325 321 317 312 310 306 304 301 294 290 282 279 273
-9999 -9999 -9999 -9999 -9999 -9999 -9999 -9999 -9999 -9999 -9999 0 0 0 0 0 0 0 2 4 40 50 119 105 148 104 133 152 168 189 184 199 227 268 280 283 293 312 325 326 323 322 330 337 340 341 339 339 343 344 350 366 385 390 393 393 391 383 370 357 348 339 336 335 336 338 339 341 343 341 340 338 335 331 327 321 318 314 307 303 299 294 292 288 283 279 272 268 263 259
-9999 -9999 -9999 -9999 -9999 -9999 -9999 -9999 -9999 -9999 -9999 0 0 0 0 0 0 0 2 3 10 57 53 91 88 80 116 135 118 135 149 179 189 206 250 247 254 280 302 313 312 311 318 326 330 332 332 334 337 339 345 357 372 377 379 377 374 369 358 349 341 335 330 329 329 330 331 332 331 332 329 325 323 320 314 310 306 301 295 289 285 280 276 273 267 264 259 254 250 246
-9999 -9999 -9999 -9999 -9999 -9999 -9999 -9999 -9999 -9999 -9999 0 0 0 0 0 0 1 1 2 6 70 88 52 75 100 76 93 123 128 114 146 209 190 205 223 229 254 279 309 321 326 318 318 324 326 325 327 331 334 338 346 355 361 364 364 360 355 347 340 334 327 324 322 321 320 324 322 322 322 318 315 312 306 301 298 294 289 282 277 272 267 262 257 253 249 245 243 241 237
-9999 -9999 -9999 -9999 -9999 -9999 -9999 -9999 -9999 -9999 -9999 -9999 0 0 0 0 0 0 1 2 4 50 93 77 94 109 89 75 85 118 96 116 137 155 165 192 210 233 264 302 351 347 337 320 323 321 317 318 320 324 330 335 341 347 351 350 347 343 336 331 325 318 315 313 313 313 316 314 314 314 310 306 301 295 290 286 282 275 270 265 260 255 250 244 241 237 234 232 232 232
-9999 -9999 -9999 -9999 -9999 -9999 -9999 -9999 -9999 -9999 -9999 -9999 0 0 0 0 0 0 0 1 2 10 59 80 92 99 99 87 66 103 110 136 100 121 150 166 190 218 244 260 315 336 345 333 324 314 307 307 310 314 319 324 330 335 338 336 335 331 325 319 314 309 305 304 304 305 307 307 307 304 300 295 290 285 280 275 271 264 259 254 249 243 237 233 231 227 225 224 227 228
-9999 -9999 -9999 -9999 -9999 -9999 -9999 -9999 -9999 -9999 -9999 -9999 -9999 -9999 -9999 0 0 0 0 0 1 2 10 58 83 98 102 94 101 72 120 131 100 109 132 153 186 214 238 209 262 293 323 323 310 301 295 294 297 303 308 314 319 322 325 326 323 320 314 309 303 298 295 294 294 296 299 301 300 296 292 287 280 274 269 264 260 255 250 244 239 233 227 224 223 223 221 223 226 228
-9999 -9999 -9999 -9999 -9999 -9999 -9999 -9999 -9999 -9999 -9999 -9999 -9999 -9999 -9999 -9999 -9999 0 0 0 0 1 9 77 91 91 87 101 74 60 100 117 86 102 136 152 189 207 207 218 242 302 307 314 302 284 279 279 284 292 299 304 309 314 315 315 313 308 304 298 292 285 283 281 282 285 291 295 295 290 283 276 269 263 257 253 250 244 242 237 232 227 223 222 222 223 225 227 229 231
-9999 -9999 -9999 -9999 -9999 -9999 -9999 -9999 -9999 -9999 -9999 -9999 -9999 0 -9999 -9999 -9999 -9999 0 0 0 0 5 52 60 66 76 91 83 58 79 127 97 94 130 162 194 193 174 182 210 291 299 302 302 270 261 265 274 281 289 294 299 305 308 307 304 300 294 288 279 273 269 267 267 272 281 288 288 281 273 265 259 253 248 244 241 238 233 229 227 224 222 221 222 226 230 233 236 236
