layers/bio1_SA.asc
ncols        300
nrows        420
xllcorner    -83.000000000000
yllcorner    -57.000000000000
cellsize     0.166666666667
NODATA_value  -9999
[rows 78 to 116 of 420, columns 86 to 171 of 300]
257 258 259 259 259 261 262 262 263 264 264 265 265 265 266 267 266 267 267 267 267 267 267 267 267 268 268 268 268 268 269 269 269 269 269 269 270 270 270 270 270 271 271 272 272 272 272 272 271 270 270 270 269 269 271 270 271 270 265 262 265 264 268 269 267 265 267 269 270 268 269 268 267 265 260 264 261 259 257 257 252 250 249 251 252 251
256 257 259 259 260 261 261 262 262 263 263 264 264 265 266 267 267 267 267 267 267 267 266 267 267 268 268 268 268 269 269 268 268 268 268 269 269 269 269 270 270 271 271 271 272 272 271 272 271 270 271 270 269 268 269 270 271 271 264 263 266 266 267 268 262 266 262 266 270 269 270 269 267 267 262 264 259 259 258 256 251 251 249 253 254 253
256 257 258 258 260 260 261 261 262 262 262 262 264 265 265 265 265 266 265 266 267 267 267 267 268 268 268 268 268 268 269 269 269 268 269 269 269 269 269 270 270 271 271 271 272 272 272 272 271 271 270 270 268 267 268 267 271 270 263 265 269 266 268 270 267 263 268 269 269 270 272 270 268 268 266 264 259 257 259 256 251 251 248 253 254 253
256 257 257 258 259 259 260 260 261 262 262 262 262 263 264 264 265 265 265 265 266 267 267 267 267 267 267 267 268 268 268 268 268 269 269 269 269 269 269 269 270 270 271 271 271 271 272 272 271 271 269 266 265 269 268 267 270 269 266 270 271 270 267 271 271 271 272 270 269 270 273 272 270 268 267 263 262 258 259 258 254 251 248 250 255 252
256 256 257 258 258 259 259 260 261 262 262 261 261 262 263 263 263 264 265 265 265 266 266 266 266 266 266 267 267 268 268 267 268 268 268 269 269 269 269 269 270 270 270 271 271 271 271 271 272 272 271 267 266 269 268 268 270 272 270 268 272 271 269 269 271 272 272 273 271 271 273 270 271 270 269 266 262 259 259 259 257 252 251 253 255 257
256 256 256 257 258 259 259 259 260 260 260 260 261 261 262 262 263 264 264 264 264 265 265 265 265 266 266 266 267 267 267 267 267 267 268 269 269 269 269 269 270 270 271 271 271 271 271 271 272 271 271 267 268 267 269 270 269 270 271 268 269 272 271 270 265 267 271 269 272 273 271 268 270 269 269 269 265 259 257 259 258 258 256 254 254 260
256 256 256 257 258 258 258 259 259 259 259 260 260 261 261 262 262 263 263 263 264 264 265 265 266 266 266 267 266 267 267 267 267 267 267 268 269 270 270 270 270 270 270 270 271 271 270 270 271 272 271 270 269 271 271 270 270 269 270 271 270 268 269 271 269 267 267 270 272 273 272 272 271 271 270 270 268 263 258 262 261 260 258 255 258 260
256 256 256 257 257 257 258 258 258 258 259 259 260 260 261 261 261 262 262 263 263 264 264 265 265 265 266 266 266 266 266 267 267 267 267 268 268 269 270 271 270 270 271 270 271 270 269 270 271 272 271 272 271 271 272 268 270 270 272 272 272 270 268 271 270 270 270 272 274 274 275 275 274 274 273 273 272 270 268 264 264 263 256 254 255 259
255 256 256 256 257 257 257 257 258 258 258 258 259 259 259 260 261 261 262 262 263 264 264 264 265 265 265 266 266 266 266 267 267 267 267 267 268 268 269 270 270 271 271 270 271 270 269 271 271 271 271 273 272 273 272 267 269 271 272 270 269 268 267 270 273 273 272 270 271 271 274 274 274 273 272 272 272 270 269 268 268 267 265 259 251 258
255 255 256 257 257 257 257 257 257 257 258 258 258 259 259 260 261 261 262 262 263 263 263 264 264 264 265 265 266 266 266 266 267 267 267 268 268 268 269 269 269 270 271 271 271 271 269 271 271 271 270 272 273 273 272 271 270 269 270 270 271 270 269 270 271 272 273 272 271 270 270 270 270 270 271 271 271 268 266 267 269 269 268 267 265 268
256 256 257 256 256 257 257 257 257 257 257 258 259 258 258 259 261 261 261 261 262 263 264 264 264 265 265 266 266 266 266 266 266 267 267 268 268 269 269 269 269 270 270 271 271 271 270 271 271 271 269 269 272 272 273 272 268 266 266 268 272 271 270 269 269 270 272 273 274 274 271 271 270 270 272 271 272 268 267 267 266 268 268 267 268 269
255 256 255 255 256 256 256 256 257 257 257 257 257 257 257 258 259 260 262 262 263 263 263 264 264 265 265 266 266 266 266 266 266 267 267 267 268 268 268 269 270 270 270 271 271 270 270 270 271 270 269 267 267 268 271 271 268 269 269 269 269 272 272 271 270 271 271 271 272 274 275 274 273 273 274 273 272 271 269 268 266 268 268 267 267 269
255 254 255 254 255 255 255 255 256 256 256 256 256 257 258 258 259 260 261 262 263 263 264 264 265 265 265 266 266 266 266 266 267 267 267 267 267 268 268 269 269 269 270 269 271 272 271 270 271 269 269 269 269 268 268 271 271 270 270 270 269 269 271 272 270 271 272 273 273 274 274 275 274 275 274 272 271 270 269 268 267 266 266 266 266 266
255 255 254 254 255 255 255 255 256 256 256 256 257 257 257 257 258 260 261 262 264 264 264 264 265 265 265 266 266 266 266 266 266 266 267 267 267 268 268 268 269 269 269 269 270 271 271 272 271 270 270 269 270 271 269 270 271 272 272 272 272 272 271 272 271 270 271 273 274 273 275 276 276 275 273 269 268 269 268 267 265 264 263 264 264 264
254 254 254 254 254 255 254 256 257 256 256 257 256 256 256 257 258 259 261 263 263 264 264 265 265 266 266 266 266 266 266 266 266 266 266 267 267 267 268 268 269 269 269 270 269 272 272 272 271 271 271 270 269 270 271 269 269 268 268 269 269 271 272 272 272 272 274 275 274 276 277 277 277 274 272 268 266 264 264 263 263 262 261 260 261 262
254 254 254 254 254 254 255 257 257 257 257 256 256 256 256 256 258 260 261 263 264 265 265 266 266 266 266 266 266 266 266 266 266 266 266 267 267 267 268 268 268 269 269 269 269 271 273 273 272 272 272 270 270 270 270 270 269 268 267 267 268 268 270 272 273 274 275 276 276 277 278 278 276 272 268 267 266 265 264 263 261 261 256 254 256 258
254 254 255 255 255 255 256 256 257 257 257 256 255 255 256 257 259 260 261 263 265 265 266 266 267 266 266 267 266 266 266 266 266 266 266 267 267 267 267 268 268 269 269 270 269 270 271 273 273 273 272 272 270 271 271 270 271 269 268 268 268 268 269 271 273 274 274 275 275 276 277 276 273 270 268 267 265 265 263 259 259 260 252 254 254 254
256 256 255 254 255 256 257 257 256 257 256 256 256 256 257 259 260 260 262 263 265 266 267 268 268 267 267 267 267 266 266 266 266 266 266 266 266 267 267 268 269 269 269 270 270 270 270 271 274 273 273 273 272 271 271 270 270 270 268 267 268 269 271 272 272 273 273 273 274 274 274 274 272 269 268 267 266 265 262 258 259 259 253 255 255 255
256 256 256 256 256 257 256 256 257 257 256 257 257 257 258 260 260 261 263 263 265 266 268 269 269 268 268 267 267 267 266 266 266 266 266 266 266 266 267 267 268 268 270 270 271 271 271 271 273 274 274 274 274 274 273 272 271 270 269 268 268 270 271 271 272 272 273 273 273 273 273 272 272 270 268 268 266 264 261 257 262 258 255 255 255 255
256 256 256 256 257 256 256 257 257 257 256 257 257 258 259 261 261 262 263 264 266 267 267 269 269 269 268 268 267 267 266 266 266 266 266 266 266 266 267 267 268 268 269 269 270 271 272 273 272 274 274 274 275 274 273 272 272 271 270 269 269 270 270 270 271 272 272 272 272 272 272 271 272 269 268 268 267 265 262 260 264 257 255 255 254 256
255 255 256 256 256 256 256 257 257 257 257 258 258 259 260 261 261 262 264 265 266 268 269 269 269 269 269 268 267 266 266 266 265 265 266 266 266 266 266 267 267 268 269 270 271 272 272 272 273 273 274 274 274 273 272 271 271 271 270 270 269 270 270 270 271 272 272 271 272 272 272 271 270 270 269 267 266 264 262 263 264 257 256 255 254 255
254 255 255 255 256 256 257 258 258 258 258 258 259 260 261 262 262 263 264 266 267 268 269 268 268 268 268 268 267 266 266 265 266 265 266 266 266 266 266 267 267 268 269 270 270 271 272 272 272 272 273 273 273 272 272 272 271 270 270 269 269 269 270 270 270 270 271 271 271 271 271 270 269 269 268 266 266 264 262 265 263 257 256 256 255 256
255 255 255 256 256 256 258 258 258 258 258 259 259 261 262 262 262 263 265 266 267 269 268 268 268 267 267 267 267 266 266 265 265 265 265 265 266 266 267 267 267 268 269 270 270 270 270 271 272 272 272 272 271 272 272 271 270 271 270 269 269 269 269 269 270 270 271 271 271 270 270 269 268 269 268 266 265 264 266 267 263 257 256 255 256 257
254 255 256 256 256 258 259 258 258 258 259 259 260 262 262 263 263 264 265 266 267 268 267 267 267 266 266 266 265 265 264 264 264 264 264 264 265 265 266 267 268 268 269 269 269 269 270 270 271 271 271 271 271 271 271 270 271 270 270 270 269 269 269 270 270 270 270 270 270 270 269 268 269 268 268 266 265 266 270 267 265 259 259 258 258 256
254 255 256 256 257 258 258 259 259 259 259 260 261 262 262 263 263 264 265 266 266 268 267 267 266 266 266 265 265 265 265 265 264 264 263 263 264 265 266 267 267 268 268 268 268 269 269 270 270 271 271 271 271 271 270 270 270 270 270 270 269 269 269 270 270 269 270 269 269 270 269 268 268 267 267 270 270 271 270 268 266 262 260 257 255 249
255 256 256 256 258 258 258 259 259 260 260 260 262 262 262 262 263 264 264 265 266 266 266 266 266 266 266 265 265 264 264 264 263 263 263 263 263 265 265 267 268 267 267 268 268 269 269 269 270 270 271 270 270 270 270 270 270 269 269 269 269 269 269 269 269 268 270 269 269 270 269 268 268 270 270 272 273 270 267 267 260 257 255 254 251 247
255 256 256 257 258 257 258 258 260 260 260 260 262 262 262 262 263 264 265 265 266 265 266 266 266 265 266 265 264 264 264 264 263 263 262 263 264 264 265 267 266 266 266 267 268 268 269 269 269 270 270 270 270 270 270 270 270 270 269 269 270 269 270 269 268 269 270 269 268 269 268 268 268 270 272 271 271 266 263 260 260 254 253 251 254 252
255 256 257 258 258 258 258 259 260 260 261 262 263 262 262 263 263 264 265 265 265 265 265 266 266 266 265 264 264 264 265 263 263 263 263 263 264 264 265 266 266 266 266 267 267 268 269 269 269 269 269 270 270 270 270 270 270 269 269 268 269 268 269 267 268 269 269 269 267 267 268 268 268 269 270 268 269 265 260 257 260 256 253 254 255 256
256 257 257 258 257 258 259 259 259 261 261 262 262 262 262 263 263 264 264 264 265 265 265 265 265 265 264 264 264 264 263 263 262 262 263 263 264 265 265 265 265 266 266 267 267 267 268 268 269 269 269 269 270 269 269 269 270 269 269 268 268 268 269 267 268 268 268 268 266 265 267 269 270 270 269 264 266 265 257 258 259 259 258 257 255 254
257 256 257 257 258 258 259 259 260 261 262 263 262 262 262 263 264 264 264 264 264 264 264 265 265 265 264 264 265 264 263 263 262 263 264 264 264 265 264 264 265 266 266 266 267 267 268 268 268 268 269 269 269 269 269 269 269 268 268 267 267 268 268 267 267 267 267 268 264 265 268 268 268 269 267 266 264 262 259 259 259 258 258 257 256 253
256 256 258 257 258 258 259 260 261 262 262 261 262 262 263 263 263 264 264 264 264 264 264 264 264 264 264 264 264 263 263 263 263 263 264 264 264 264 264 264 265 265 265 266 267 267 267 268 268 268 268 268 269 269 268 269 269 268 267 267 268 268 266 267 266 265 266 268 262 264 267 268 267 268 268 267 264 262 261 260 259 257 257 256 256 255
256 257 257 257 258 258 259 260 261 261 261 261 262 262 262 263 263 263 263 263 264 264 264 264 264 264 264 264 263 263 264 263 264 264 264 263 264 264 264 264 265 265 265 266 266 266 267 268 268 268 268 268 268 269 269 269 267 268 267 267 268 267 266 266 266 265 266 267 263 267 268 267 266 267 266 267 264 262 259 259 259 257 256 256 256 255
256 257 257 257 258 258 260 261 261 260 260 261 261 262 262 262 262 263 263 264 264 264 264 264 264 264 264 264 264 264 264 264 264 264 263 263 264 263 264 264 264 265 265 266 266 266 267 267 267 268 267 268 268 268 268 268 267 267 267 268 267 266 265 265 266 264 263 264 265 268 267 266 264 265 267 267 267 261 259 257 257 257 256 255 255 255
256 257 256 257 257 259 260 260 260 260 260 261 262 262 262 263 262 263 263 263 263 263 264 264 264 264 265 265 265 265 264 265 264 264 263 264 264 264 264 264 264 264 265 265 266 267 267 267 267 267 267 268 268 268 268 267 267 266 266 267 266 265 264 264 265 264 263 266 267 267 265 267 265 262 265 265 264 262 259 259 257 255 254 254 256 255
256 257 256 257 258 260 259 259 259 260 261 261 261 262 262 262 263 263 264 263 264 264 263 263 264 265 265 265 264 265 264 264 264 263 263 263 263 264 264 264 264 264 265 266 266 266 266 267 266 267 267 267 267 267 268 267 267 266 265 266 266 264 262 264 264 264 267 267 266 266 265 265 266 264 264 263 260 261 259 256 257 255 255 255 255 254
256 256 256 257 259 259 258 259 259 260 260 260 261 261 261 262 262 262 263 263 264 264 264 265 265 265 264 264 264 264 263 264 264 263 263 264 263 263 264 264 264 265 266 266 266 266 266 266 266 266 267 267 266 266 266 266 266 266 265 265 265 264 262 263 263 265 267 266 265 266 266 264 264 264 263 261 261 261 257 255 256 255 256 255 255 254
256 256 256 257 259 259 258 259 259 260 260 260 261 261 261 262 262 262 262 263 263 263 264 264 264 264 264 264 264 263 264 264 263 263 263 263 264 263 264 264 265 265 264 265 265 265 265 266 266 266 267 266 266 265 266 266 265 267 264 265 264 263 262 263 263 265 266 266 264 262 263 263 263 263 262 257 258 258 254 255 254 254 256 255 255 254
256 256 257 258 259 258 258 258 259 259 259 260 260 261 261 262 262 262 262 263 263 263 264 264 264 264 264 263 264 263 264 264 264 263 263 263 263 264 264 265 265 264 264 264 265 265 265 265 265 266 266 266 266 264 265 265 265 266 264 264 262 265 266 265 266 267 267 266 264 261 258 261 259 260 262 260 259 260 256 253 255 255 255 255 255 254
256 257 257 258 258 257 258 258 259 259 260 260 261 261 261 261 262 263 263 264 264 264 264 264 264 264 264 264 264 263 264 264 264 263 263 264 264 265 265 264 264 264 264 264 264 265 265 265 265 265 264 265 264 264 263 264 265 266 264 263 263 264 266 267 267 266 266 266 263 259 260 261 257 258 259 258 259 259 259 258 256 256 256 256 254 254
