layers/bio19_SA.asc
ncols        300
nrows        420
xllcorner    -83.000000000000
yllcorner    -57.000000000000
cellsize     0.166666666667
NODATA_value  -9999
[rows 200 to 239 of 420, columns 180 to 269 of 300]
140 137 135 132 128 125 125 125 125 124 123 119 111 101 97 98 100 96 92 81 75 74 76 80 81 83 84 82 81 78 72 72 77 78 72 75 68 70 79 77 75 76 81 76 74 73 69 58 50 50 50 52 52 53 57 60 65 45 36 39 57 61 68 80 86 95 97 126 106 114 120 143 154 158 165 161 172 -9999 -9999 -9999 -9999 -9999 -9999 -9999 -9999 -9999 -9999 -9999 -9999 -9999
142 137 134 131 130 126 123 123 122 123 123 118 112 105 101 101 102 104 101 89 86 86 85 85 82 81 82 81 79 78 77 74 80 83 76 76 73 73 74 81 84 84 88 81 76 73 70 63 58 57 54 57 58 57 58 60 66 47 43 45 64 69 78 96 91 96 102 112 103 111 112 138 151 155 167 155 -9999 -9999 -9999 -9999 -9999 -9999 -9999 -9999 -9999 -9999 -9999 -9999 -9999 -9999
144 140 135 131 128 125 122 120 120 125 123 118 112 107 105 103 103 103 98 95 97 96 93 86 79 79 80 78 77 78 85 88 84 83 80 80 76 78 78 80 83 86 86 83 77 73 72 68 64 61 60 62 61 60 63 65 61 49 49 66 72 77 87 97 94 91 96 103 104 103 110 126 145 150 138 -9999 -9999 -9999 -9999 -9999 -9999 -9999 -9999 -9999 -9999 -9999 -9999 -9999 -9999 -9999
148 142 137 133 128 125 122 118 120 126 125 119 113 108 106 104 104 102 97 94 95 96 96 87 81 80 81 78 77 83 92 97 94 90 86 83 82 84 85 87 87 90 91 88 80 73 72 69 68 67 65 64 65 66 68 69 64 66 67 71 74 75 90 69 73 64 93 102 112 113 117 123 111 120 132 -9999 -9999 -9999 -9999 -9999 -9999 -9999 -9999 -9999 -9999 -9999 -9999 -9999 -9999 -9999
149 145 140 135 130 125 123 120 121 123 122 117 113 111 109 107 106 105 101 98 95 92 93 89 84 79 80 79 82 89 102 111 104 94 90 87 88 87 89 91 93 91 91 89 84 78 73 70 68 70 67 66 66 68 72 76 73 69 71 71 51 72 85 62 62 63 81 93 98 106 115 97 106 115 -9999 -9999 -9999 -9999 -9999 -9999 -9999 -9999 -9999 -9999 -9999 -9999 -9999 -9999 -9999 -9999
152 148 143 140 135 130 124 127 124 125 122 118 114 112 112 111 107 107 107 106 102 99 96 93 86 79 82 84 85 92 102 109 108 98 91 90 88 88 89 90 93 95 95 93 90 83 77 72 69 69 68 69 71 72 75 81 76 70 71 70 68 73 74 63 66 64 82 87 74 78 85 94 99 -9999 -9999 -9999 -9999 -9999 -9999 -9999 -9999 -9999 -9999 -9999 -9999 -9999 -9999 -9999 -9999 -9999
156 153 149 145 142 136 134 138 141 141 134 123 116 117 119 116 111 114 116 118 114 109 103 96 90 87 87 86 86 93 100 101 107 98 90 90 91 88 91 94 97 100 103 98 93 86 79 74 71 71 70 70 72 76 79 81 75 74 76 74 76 68 71 78 66 72 74 71 74 80 86 92 98 -9999 -9999 -9999 -9999 -9999 -9999 -9999 -9999 -9999 -9999 -9999 -9999 -9999 -9999 -9999 -9999 -9999
160 158 155 152 150 146 145 146 153 156 146 130 120 126 130 128 123 124 127 133 125 119 114 104 97 94 94 92 92 97 102 103 102 95 88 88 92 94 89 95 101 107 109 101 92 83 76 72 74 72 75 72 75 77 79 75 58 76 81 77 75 73 61 65 71 77 81 78 81 82 88 95 -9999 -9999 -9999 -9999 -9999 -9999 -9999 -9999 -9999 -9999 -9999 -9999 -9999 -9999 -9999 -9999 -9999 -9999
165 163 160 159 158 157 154 155 157 156 148 140 138 142 145 140 136 135 136 137 129 122 116 108 101 99 100 99 100 102 104 102 99 92 84 83 92 102 105 103 107 108 107 98 87 78 72 72 74 75 75 75 78 81 81 54 56 79 82 80 79 61 62 68 77 83 91 102 89 88 94 101 -9999 -9999 -9999 -9999 -9999 -9999 -9999 -9999 -9999 -9999 -9999 -9999 -9999 -9999 -9999 -9999 -9999 -9999
172 170 167 164 164 163 159 161 162 159 154 150 151 153 152 144 139 139 143 143 130 123 118 112 106 102 104 106 105 107 111 105 96 89 81 84 97 108 114 114 111 110 102 91 84 81 76 79 77 79 79 80 82 84 61 60 58 63 69 70 69 66 67 94 82 93 112 98 97 99 102 109 115 -9999 -9999 -9999 -9999 -9999 -9999 -9999 -9999 -9999 -9999 -9999 -9999 -9999 -9999 -9999 -9999 -9999
178 175 171 169 168 166 164 164 160 159 160 158 155 154 149 145 141 142 151 154 140 129 124 119 112 106 108 112 88 87 113 108 99 73 68 72 80 89 93 116 114 108 97 88 86 90 88 92 86 95 92 72 72 61 57 53 60 72 84 86 83 100 98 102 113 107 109 109 110 110 112 116 118 -9999 -9999 -9999 -9999 -9999 -9999 -9999 -9999 -9999 -9999 -9999 -9999 -9999 -9999 -9999 -9999 -9999
184 181 178 176 173 172 173 171 168 166 165 163 160 158 155 153 151 151 153 151 138 129 127 127 120 114 116 118 92 91 111 107 81 80 78 78 83 90 112 112 109 103 94 92 95 98 100 95 90 105 88 73 63 59 59 60 75 98 109 112 106 128 122 117 132 109 118 124 120 117 117 -9999 -9999 -9999 -9999 -9999 -9999 -9999 -9999 -9999 -9999 -9999 -9999 -9999 -9999 -9999 -9999 -9999 -9999 -9999
193 191 189 186 180 181 184 187 186 181 175 172 169 168 168 170 166 159 156 151 139 127 128 129 126 119 121 99 97 94 90 84 81 84 83 85 88 95 115 117 125 118 101 101 103 107 94 91 90 100 90 69 66 66 72 101 119 125 146 147 127 117 138 132 105 113 125 131 -9999 -9999 -9999 -9999 -9999 -9999 -9999 -9999 -9999 -9999 -9999 -9999 -9999 -9999 -9999 -9999 -9999 -9999 -9999 -9999 -9999 -9999
203 203 202 199 198 199 203 203 199 190 185 183 178 179 187 198 185 168 159 156 149 139 133 131 129 127 107 105 100 96 91 86 86 86 87 90 97 104 108 127 139 122 123 120 130 112 101 85 82 83 84 76 73 76 102 127 141 159 167 150 128 121 116 112 113 117 122 -9999 -9999 -9999 -9999 -9999 -9999 -9999 -9999 -9999 -9999 -9999 -9999 -9999 -9999 -9999 -9999 -9999 -9999 -9999 -9999 -9999 -9999 -9999
217 218 220 221 224 227 228 225 213 198 188 185 180 184 194 204 196 183 172 170 163 150 137 134 134 134 136 110 105 99 92 90 91 91 91 98 105 113 115 116 120 144 161 142 150 115 84 82 86 102 105 97 90 85 98 126 143 147 145 140 138 135 128 122 119 120 123 -9999 -9999 -9999 -9999 -9999 -9999 -9999 -9999 -9999 -9999 -9999 -9999 -9999 -9999 -9999 -9999 -9999 -9999 -9999 -9999 -9999 -9999 -9999
233 236 237 240 245 251 250 242 227 212 198 188 181 183 187 193 198 205 190 178 173 157 141 138 142 144 141 135 106 96 90 89 92 94 100 102 105 115 119 118 124 138 133 132 97 87 88 90 90 104 114 129 126 119 116 130 136 144 169 159 154 147 137 129 125 122 124 -9999 -9999 -9999 -9999 -9999 -9999 -9999 -9999 -9999 -9999 -9999 -9999 -9999 -9999 -9999 -9999 -9999 -9999 -9999 -9999 -9999 -9999 -9999
249 252 253 255 257 261 258 251 240 228 212 194 186 189 190 191 202 217 200 178 170 155 143 145 132 154 148 120 107 99 94 93 98 103 110 106 104 112 114 113 116 107 104 97 89 91 103 101 107 151 177 192 157 149 146 142 144 152 180 -9999 -9999 -9999 -9999 -9999 -9999 142 -9999 -9999 -9999 -9999 -9999 -9999 -9999 -9999 -9999 -9999 -9999 -9999 -9999 -9999 -9999 -9999 -9999 -9999 -9999 -9999 -9999 -9999 -9999 -9999
267 267 267 264 261 257 260 251 250 246 233 206 196 204 215 213 225 231 220 194 179 173 150 142 142 142 138 117 113 107 104 103 109 122 126 112 110 111 115 111 103 101 99 98 107 106 127 143 182 219 238 191 161 156 -9999 -9999 -9999 -9999 -9999 -9999 -9999 -9999 -9999 -9999 -9999 -9999 -9999 -9999 -9999 -9999 -9999 -9999 -9999 -9999 -9999 -9999 -9999 -9999 -9999 -9999 -9999 -9999 -9999 -9999 -9999 -9999 -9999 -9999 -9999 -9999
291 285 277 270 265 254 247 255 259 264 249 223 221 239 248 247 250 256 247 203 182 187 169 152 146 141 139 144 122 117 114 113 117 129 128 127 123 121 120 113 115 130 132 129 129 139 171 245 290 271 260 -9999 -9999 -9999 -9999 -9999 -9999 -9999 -9999 -9999 -9999 -9999 -9999 -9999 -9999 -9999 -9999 -9999 -9999 -9999 -9999 -9999 -9999 -9999 -9999 -9999 -9999 -9999 -9999 -9999 -9999 -9999 -9999 -9999 -9999 -9999 -9999 -9999 -9999 -9999
313 304 286 275 270 266 260 267 276 277 265 252 248 264 270 259 257 253 229 188 171 182 177 164 159 152 148 156 134 126 121 119 120 131 140 149 147 136 126 146 182 231 247 248 212 206 241 272 -9999 -9999 -9999 -9999 -9999 -9999 -9999 -9999 -9999 -9999 -9999 -9999 -9999 -9999 -9999 -9999 -9999 -9999 -9999 -9999 -9999 -9999 -9999 -9999 -9999 -9999 -9999 -9999 -9999 -9999 -9999 -9999 -9999 -9999 -9999 -9999 -9999 -9999 -9999 -9999 -9999 -9999
335 324 304 294 280 276 278 284 286 287 289 283 275 281 275 265 251 228 197 178 178 192 188 179 176 167 161 165 142 132 127 130 135 142 163 201 192 186 208 283 352 374 347 309 275 238 256 249 -9999 -9999 -9999 -9999 -9999 -9999 -9999 -9999 -9999 -9999 -9999 -9999 -9999 -9999 -9999 -9999 -9999 -9999 -9999 -9999 -9999 -9999 -9999 -9999 -9999 -9999 -9999 -9999 -9999 -9999 -9999 -9999 -9999 -9999 -9999 -9999 -9999 -9999 -9999 -9999 -9999 -9999
340 338 325 312 295 294 294 297 301 306 313 306 288 279 271 262 244 221 198 186 190 199 196 192 192 182 177 178 154 139 139 150 159 167 195 230 256 280 344 320 351 335 -9999 -9999 234 287 267 -9999 -9999 -9999 -9999 -9999 -9999 -9999 -9999 -9999 -9999 -9999 -9999 -9999 -9999 -9999 -9999 -9999 -9999 -9999 -9999 -9999 -9999 -9999 -9999 -9999 -9999 -9999 -9999 -9999 -9999 -9999 -9999 -9999 -9999 -9999 -9999 -9999 -9999 -9999 -9999 -9999 -9999 -9999
345 342 342 332 315 311 313 321 317 314 310 313 304 281 266 255 241 224 210 205 202 204 204 201 196 192 191 192 167 159 164 180 192 202 204 231 255 274 311 307 330 -9999 -9999 309 -9999 -9999 -9999 -9999 -9999 -9999 -9999 -9999 -9999 -9999 -9999 -9999 -9999 -9999 -9999 -9999 -9999 -9999 -9999 -9999 -9999 -9999 -9999 -9999 -9999 -9999 -9999 -9999 -9999 -9999 -9999 -9999 -9999 -9999 -9999 -9999 -9999 -9999 -9999 -9999 -9999 -9999 -9999 -9999 -9999 -9999
353 355 361 349 310 291 318 340 337 326 319 315 312 288 263 256 253 243 237 234 232 225 218 210 203 201 202 203 182 190 202 199 193 196 198 219 233 265 -9999 -9999 -9999 -9999 -9999 -9999 -9999 -9999 -9999 -9999 -9999 -9999 -9999 -9999 -9999 -9999 -9999 -9999 -9999 -9999 -9999 -9999 -9999 -9999 -9999 -9999 -9999 -9999 -9999 -9999 -9999 -9999 -9999 -9999 -9999 -9999 -9999 -9999 -9999 -9999 -9999 -9999 -9999 -9999 -9999 -9999 -9999 -9999 -9999 -9999 -9999 -9999
352 343 347 359 308 294 323 340 336 325 336 322 323 303 264 249 259 272 273 258 249 238 225 213 209 210 216 200 198 198 203 207 217 222 229 236 232 -9999 -9999 -9999 -9999 -9999 -9999 -9999 -9999 -9999 -9999 -9999 -9999 -9999 -9999 -9999 -9999 -9999 -9999 -9999 -9999 -9999 -9999 -9999 -9999 -9999 -9999 -9999 -9999 -9999 -9999 -9999 -9999 -9999 -9999 -9999 -9999 -9999 -9999 -9999 -9999 -9999 -9999 -9999 -9999 -9999 -9999 -9999 -9999 -9999 -9999 -9999 -9999 -9999
350 341 334 340 364 333 344 343 333 326 337 341 339 318 295 263 291 296 291 279 267 241 217 210 221 229 230 213 203 199 204 230 250 254 245 -9999 -9999 -9999 -9999 -9999 -9999 -9999 -9999 -9999 -9999 -9999 -9999 -9999 -9999 -9999 -9999 -9999 -9999 -9999 -9999 -9999 -9999 -9999 -9999 -9999 -9999 -9999 -9999 -9999 -9999 -9999 -9999 -9999 -9999 -9999 -9999 -9999 -9999 -9999 -9999 -9999 -9999 -9999 -9999 -9999 -9999 -9999 -9999 -9999 -9999 -9999 -9999 -9999 -9999 -9999
349 337 331 326 345 370 374 354 340 332 327 335 349 334 307 286 303 315 311 299 270 229 206 223 228 246 249 232 224 214 220 250 274 285 -9999 -9999 -9999 -9999 -9999 -9999 -9999 -9999 -9999 -9999 -9999 -9999 -9999 -9999 -9999 -9999 -9999 -9999 -9999 -9999 -9999 -9999 -9999 -9999 -9999 -9999 -9999 -9999 -9999 -9999 -9999 -9999 -9999 -9999 -9999 -9999 -9999 -9999 -9999 -9999 -9999 -9999 -9999 -9999 -9999 -9999 -9999 -9999 -9999 -9999 -9999 -9999 -9999 -9999 -9999 -9999
369 356 352 371 382 385 380 369 356 345 327 321 339 340 316 294 290 316 313 297 252 227 239 259 264 273 271 252 252 250 265 270 -9999 -9999 -9999 -9999 -9999 -9999 -9999 -9999 -9999 -9999 -9999 -9999 -9999 -9999 -9999 -9999 -9999 -9999 -9999 -9999 -9999 -9999 -9999 -9999 -9999 -9999 -9999 -9999 -9999 -9999 -9999 -9999 -9999 -9999 -9999 -9999 -9999 -9999 -9999 -9999 -9999 -9999 -9999 -9999 -9999 -9999 -9999 -9999 -9999 -9999 -9999 -9999 -9999 -9999 -9999 -9999 -9999 -9999
403 400 372 370 385 395 386 379 371 358 341 325 319 321 305 288 284 295 302 281 264 271 271 290 289 288 296 269 275 293 305 -9999 -9999 -9999 -9999 -9999 -9999 -9999 -9999 -9999 -9999 -9999 -9999 -9999 -9999 -9999 -9999 -9999 -9999 -9999 -9999 -9999 -9999 -9999 -9999 -9999 -9999 -9999 -9999 -9999 -9999 -9999 -9999 -9999 -9999 -9999 -9999 -9999 -9999 -9999 -9999 -9999 -9999 -9999 -9999 -9999 -9999 -9999 -9999 -9999 -9999 -9999 -9999 -9999 -9999 -9999 -9999 -9999 -9999 -9999
373 396 401 412 409 397 384 381 371 363 352 314 305 303 289 282 278 283 304 296 281 299 297 287 296 295 270 278 294 317 324 -9999 -9999 -9999 -9999 -9999 -9999 -9999 -9999 -9999 -9999 -9999 -9999 -9999 -9999 -9999 -9999 -9999 -9999 -9999 -9999 -9999 -9999 -9999 -9999 -9999 -9999 -9999 -9999 -9999 -9999 -9999 -9999 -9999 -9999 -9999 -9999 -9999 -9999 -9999 -9999 -9999 -9999 -9999 -9999 -9999 -9999 -9999 -9999 -9999 -9999 -9999 -9999 -9999 -9999 -9999 -9999 -9999 -9999 -9999
355 365 387 410 393 382 389 378 365 357 348 316 294 288 278 281 279 283 290 303 299 299 269 275 297 261 274 282 301 313 -9999 -9999 -9999 -9999 -9999 -9999 -9999 -9999 -9999 -9999 -9999 -9999 -9999 -9999 -9999 -9999 -9999 -9999 -9999 -9999 -9999 -9999 -9999 -9999 -9999 -9999 -9999 -9999 -9999 -9999 -9999 -9999 -9999 -9999 -9999 -9999 -9999 -9999 -9999 -9999 -9999 -9999 -9999 -9999 -9999 -9999 -9999 -9999 -9999 -9999 -9999 -9999 -9999 -9999 -9999 -9999 -9999 -9999 -9999 -9999
343 356 371 391 381 400 392 380 369 364 351 327 300 283 281 284 282 277 270 277 280 281 251 264 296 271 275 283 294 -9999 -9999 -9999 -9999 -9999 -9999 -9999 -9999 -9999 -9999 -9999 -9999 -9999 -9999 -9999 -9999 -9999 -9999 -9999 -9999 -9999 -9999 -9999 -9999 -9999 -9999 -9999 -9999 -9999 -9999 -9999 -9999 -9999 -9999 -9999 -9999 -9999 -9999 -9999 -9999 -9999 -9999 -9999 -9999 -9999 -9999 -9999 -9999 -9999 -9999 -9999 -9999 -9999 -9999 -9999 -9999 -9999 -9999 -9999 -9999 -9999
378 377 386 386 388 398 402 395 384 367 335 329 312 289 284 288 282 269 266 265 265 264 260 278 267 266 275 279 -9999 -9999 -9999 -9999 -9999 -9999 -9999 -9999 -9999 -9999 -9999 -9999 -9999 -9999 -9999 -9999 -9999 -9999 -9999 -9999 -9999 -9999 -9999 -9999 -9999 -9999 -9999 -9999 -9999 -9999 -9999 -9999 -9999 -9999 -9999 -9999 -9999 -9999 -9999 -9999 -9999 -9999 -9999 -9999 -9999 -9999 -9999 -9999 -9999 -9999 -9999 -9999 -9999 -9999 -9999 -9999 -9999 -9999 -9999 -9999 -9999 -9999
390 388 411 423 423 414 419 392 380 354 343 338 316 297 289 295 288 273 260 253 256 262 276 289 285 263 268 -9999 -9999 -9999 -9999 -9999 -9999 -9999 -9999 -9999 -9999 -9999 -9999 -9999 -9999 -9999 -9999 -9999 -9999 -9999 -9999 -9999 -9999 -9999 -9999 -9999 -9999 -9999 -9999 -9999 -9999 -9999 -9999 -9999 -9999 -9999 -9999 -9999 -9999 -9999 -9999 -9999 -9999 -9999 -9999 -9999 -9999 -9999 -9999 -9999 -9999 -9999 -9999 -9999 -9999 -9999 -9999 -9999 -9999 -9999 -9999 -9999 -9999 -9999
412 410 411 443 456 444 418 407 380 360 348 344 332 308 296 296 288 275 262 262 272 281 290 294 280 263 264 -9999 -9999 -9999 -9999 -9999 -9999 -9999 -9999 -9999 -9999 -9999 -9999 -9999 -9999 -9999 -9999 -9999 -9999 -9999 -9999 -9999 -9999 -9999 -9999 -9999 -9999 -9999 -9999 -9999 -9999 -9999 -9999 -9999 -9999 -9999 -9999 -9999 -9999 -9999 -9999 -9999 -9999 -9999 -9999 -9999 -9999 -9999 -9999 -9999 -9999 -9999 -9999 -9999 -9999 -9999 -9999 -9999 -9999 -9999 -9999 -9999 -9999 -9999
444 442 443 461 491 468 448 417 403 381 362 365 346 318 309 304 295 286 281 278 282 289 301 294 265 263 265 -9999 -9999 -9999 -9999 -9999 -9999 -9999 -9999 -9999 -9999 -9999 -9999 -9999 -9999 -9999 -9999 -9999 -9999 -9999 -9999 -9999 -9999 -9999 -9999 -9999 -9999 -9999 -9999 -9999 -9999 -9999 -9999 -9999 -9999 -9999 -9999 -9999 -9999 -9999 -9999 -9999 -9999 -9999 -9999 -9999 -9999 -9999 -9999 -9999 -9999 -9999 -9999 -9999 -9999 -9999 -9999 -9999 -9999 -9999 -9999 -9999 -9999 -9999
466 462 476 528 523 481 449 432 413 396 378 371 355 337 332 316 306 299 297 298 299 300 283 276 266 264 263 -9999 -9999 -9999 -9999 -9999 -9999 -9999 -9999 -9999 -9999 -9999 -9999 -9999 -9999 -9999 -9999 -9999 -9999 -9999 -9999 -9999 -9999 -9999 -9999 -9999 -9999 -9999 -9999 -9999 -9999 -9999 -9999 -9999 -9999 -9999 -9999 -9999 -9999 -9999 -9999 -9999 -9999 -9999 -9999 -9999 -9999 -9999 -9999 -9999 -9999 -9999 -9999 -9999 -9999 -9999 -9999 -9999 -9999 -9999 -9999 -9999 -9999 -9999
462 468 478 510 531 495 462 445 431 409 391 386 378 359 349 337 319 304 302 310 312 310 300 287 276 267 265 -9999 -9999 -9999 -9999 -9999 -9999 -9999 -9999 -9999 -9999 -9999 -9999 -9999 -9999 -9999 -9999 -9999 -9999 -9999 -9999 -9999 -9999 -9999 -9999 -9999 -9999 -9999 -9999 -9999 -9999 -9999 -9999 -9999 -9999 -9999 -9999 -9999 -9999 -9999 -9999 -9999 -9999 -9999 -9999 -9999 -9999 -9999 -9999 -9999 -9999 -9999 -9999 -9999 -9999 -9999 -9999 -9999 -9999 -9999 -9999 -9999 -9999 -9999
458 464 478 529 535 511 475 455 442 426 409 396 387 382 370 359 337 318 309 310 318 311 290 297 288 270 264 -9999 -9999 -9999 -9999 -9999 -9999 -9999 -9999 -9999 -9999 -9999 -9999 -9999 -9999 -9999 -9999 -9999 -9999 -9999 -9999 -9999 -9999 -9999 -9999 -9999 -9999 -9999 -9999 -9999 -9999 -9999 -9999 -9999 -9999 -9999 -9999 -9999 -9999 -9999 -9999 -9999 -9999 -9999 -9999 -9999 -9999 -9999 -9999 -9999 -9999 -9999 -9999 -9999 -9999 -9999 -9999 -9999 -9999 -9999 -9999 -9999 -9999 -9999
448 466 509 544 533 511 480 460 443 425 413 401 397 388 380 370 350 328 319 314 320 317 296 298 284 270 263 -9999 -9999 -9999 -9999 -9999 -9999 -9999 -9999 -9999 -9999 -9999 -9999 -9999 -9999 -9999 -9999 -9999 -9999 -9999 -9999 -9999 -9999 -9999 -9999 -9999 -9999 -9999 -9999 -9999 -9999 -9999 -9999 -9999 -9999 -9999 -9999 -9999 -9999 -9999 -9999 -9999 -9999 -9999 -9999 -9999 -9999 -9999 -9999 -9999 -9999 -9999 -9999 -9999 -9999 -9999 -9999 -9999 -9999 -9999 -9999 -9999 -9999 -9999
