layers/bio2_SA.asc
ncols        300
nrows        420
xllcorner    -83.000000000000
yllcorner    -57.000000000000
cellsize     0.166666666667
NODATA_value  -9999
[rows 190 to 227 of 420, columns 86 to 171 of 300]
181 181 181 181 180 180 179 176 173 170 166 164 168 165 162 161 162 159 156 151 144 135 138 129 124 120 120 120 119 121 123 125 127 129 129 129 129 130 130 130 130 130 130 131 131 131 131 131 131 131 131 131 132 132 132 131 130 130 129 129 128 127 126 125 123 117 111 106 105 106 107 108 110 111 113 114 116 117 119 120 121 122 122 122 122 122
181 179 179 178 178 177 176 174 171 167 162 164 167 169 165 161 164 160 157 151 142 135 138 127 124 122 117 117 119 123 125 127 129 130 130 130 130 130 130 131 131 131 131 131 131 131 131 132 131 132 132 132 132 132 132 132 131 131 130 129 128 127 127 126 125 118 106 102 103 104 106 107 109 111 113 114 116 117 118 120 121 121 122 122 122 122
181 180 177 177 176 175 174 171 169 165 162 162 167 168 167 164 161 162 155 150 142 140 142 131 120 120 114 118 121 124 126 128 130 131 131 131 131 131 131 131 131 131 131 131 131 131 131 131 132 132 132 132 132 133 133 133 132 131 130 129 128 127 126 125 123 116 104 100 101 103 105 107 109 111 113 114 116 117 118 119 120 121 121 121 121 121
177 176 176 175 174 173 172 170 168 165 163 163 170 168 166 164 165 159 159 150 142 141 142 142 127 116 112 118 122 124 126 128 130 131 131 131 131 131 131 131 131 131 131 131 131 131 131 132 132 132 132 132 132 133 133 133 132 132 130 129 128 126 125 123 120 114 110 103 103 104 106 107 109 111 113 115 116 117 118 119 119 120 120 120 120 120
176 175 175 174 173 172 171 169 168 166 164 166 171 172 170 166 164 162 164 158 144 141 133 139 130 117 114 118 123 125 127 128 130 131 132 131 131 131 131 131 131 131 131 131 131 131 131 131 131 132 132 132 132 132 133 133 133 132 131 129 127 126 124 121 118 113 109 106 105 106 107 108 110 112 113 115 116 117 118 118 119 119 119 119 119 119
178 175 173 174 173 173 171 169 167 167 166 166 170 172 172 170 166 167 165 159 151 157 145 139 140 121 118 121 124 127 129 130 131 132 132 132 132 131 131 131 131 131 131 131 131 131 131 131 132 131 132 132 132 132 132 133 132 131 130 128 126 125 123 120 117 114 111 108 107 107 108 109 111 112 114 115 116 117 118 118 119 119 118 118 118 118
178 173 174 172 172 173 171 168 167 168 168 166 171 173 171 170 169 170 168 159 156 162 146 136 140 123 123 124 125 128 130 131 132 132 132 132 132 131 131 131 131 131 131 131 131 131 131 131 131 131 132 132 132 132 132 132 131 130 129 127 126 124 122 120 117 115 112 110 109 109 110 111 112 113 115 116 117 118 118 118 119 118 118 117 117 117
175 176 173 171 171 171 170 168 168 168 168 170 174 172 167 168 170 167 164 163 161 154 154 144 140 135 129 126 129 129 131 133 133 132 132 132 132 131 131 131 131 131 131 131 131 131 131 131 131 131 131 132 131 131 131 131 130 129 128 127 125 123 122 119 117 115 113 112 111 111 112 112 113 115 116 117 118 119 119 119 118 118 117 116 116 116
177 174 172 171 170 170 169 169 168 168 169 173 173 169 168 166 169 166 164 162 164 157 163 162 136 142 131 130 131 132 133 134 134 133 132 132 131 131 131 130 130 130 130 131 131 131 131 131 131 131 131 131 131 131 130 130 129 128 127 126 125 123 121 119 118 116 114 113 113 113 114 113 115 116 117 118 119 120 120 119 118 117 116 115 115 115
175 172 172 170 170 170 169 169 169 168 169 173 173 170 170 170 169 162 161 159 165 161 161 153 138 143 134 133 133 133 134 134 134 133 132 132 131 131 131 130 130 130 130 130 130 130 131 131 131 131 131 131 130 130 130 129 128 127 126 125 124 122 121 119 118 116 115 114 113 114 115 115 115 117 118 119 121 121 120 119 118 117 115 114 114 113
171 173 171 170 170 170 170 170 170 169 169 172 171 173 172 170 170 161 158 159 171 163 162 146 139 138 135 135 135 135 136 135 134 133 132 132 131 130 130 130 130 129 130 130 130 130 130 130 130 131 131 130 130 130 129 128 128 127 126 125 124 122 120 119 118 117 115 115 114 115 116 115 116 117 119 120 122 122 121 120 118 116 114 113 112 113
172 175 173 172 170 172 171 170 170 170 170 170 170 173 174 171 169 164 158 162 164 163 166 151 149 144 136 136 136 137 137 137 134 134 132 132 131 131 130 129 129 129 130 130 130 130 130 130 130 130 130 129 129 129 128 128 127 126 125 124 123 122 120 119 117 117 116 115 115 115 116 117 117 118 119 120 121 121 120 119 118 116 115 113 112 113
173 174 174 173 170 174 171 171 171 171 171 172 172 175 177 173 170 164 160 161 160 166 163 159 157 144 136 136 135 137 137 136 133 133 132 131 131 130 130 130 129 129 130 130 130 130 130 130 130 130 129 129 129 129 128 127 126 125 124 123 122 121 119 118 117 117 116 116 115 116 117 117 117 118 119 120 120 120 120 119 117 116 115 114 113 114
174 175 172 175 171 171 171 172 172 172 173 174 176 177 176 178 174 165 163 173 163 163 167 152 153 151 138 135 134 135 137 135 132 133 131 131 131 130 130 130 129 130 130 130 130 130 130 130 130 130 129 129 128 128 128 127 126 125 124 123 121 121 119 118 117 116 116 115 116 116 117 118 118 118 118 119 119 119 119 118 117 116 115 115 114 114
173 175 171 172 173 173 174 174 176 174 175 176 178 180 181 181 181 173 169 175 164 167 167 163 154 151 144 138 132 133 135 134 131 132 131 131 130 130 130 130 130 130 130 131 130 130 130 130 130 129 129 129 128 128 127 127 125 125 123 122 121 120 119 117 117 116 116 115 116 116 117 118 118 118 118 119 119 119 118 118 117 116 115 115 115 115
174 176 171 173 175 176 178 176 175 175 176 179 181 183 185 182 180 176 177 179 166 171 173 169 166 161 152 138 135 132 134 130 130 131 131 130 130 130 130 130 131 131 131 131 131 130 130 130 130 129 129 129 128 128 127 126 125 124 123 122 121 120 118 117 116 116 115 115 115 116 116 118 117 117 118 118 118 118 118 118 117 117 116 115 115 115
170 170 172 177 178 178 176 176 176 177 179 181 183 185 186 185 185 174 179 186 172 179 178 167 168 168 156 142 142 136 135 130 129 130 130 130 130 130 130 131 131 131 131 131 131 131 130 130 130 129 129 129 128 127 127 126 125 124 123 121 120 119 118 117 116 115 115 115 116 116 116 117 117 117 117 117 118 118 118 118 117 117 116 116 115 116
169 175 171 176 180 180 178 179 178 179 182 184 187 188 188 188 186 179 177 189 177 188 182 168 166 166 154 147 146 139 136 130 130 130 130 130 130 130 130 131 131 131 131 131 131 131 130 130 130 129 129 128 128 127 127 126 125 124 123 121 120 118 117 116 115 114 115 115 116 115 116 117 117 117 117 117 117 118 118 117 117 117 117 116 116 116
163 171 174 177 180 180 181 179 181 182 184 186 189 189 187 190 189 191 190 188 187 192 178 167 166 153 148 146 143 139 133 130 129 129 129 130 130 130 131 131 131 131 131 131 131 131 130 130 130 129 129 129 128 127 127 126 125 124 122 121 120 118 116 115 114 114 114 114 115 115 116 116 116 116 117 117 117 118 118 117 117 117 117 117 117 116
161 171 174 179 180 181 181 180 183 185 187 188 189 190 190 194 196 198 200 193 196 195 178 170 170 145 144 142 137 135 130 129 129 129 129 130 130 131 131 131 132 132 132 132 131 131 131 130 130 129 129 128 128 128 127 126 125 124 123 121 120 118 116 115 113 113 113 114 114 115 116 116 116 116 117 117 118 118 117 117 117 117 117 117 117 117
158 166 172 176 180 181 182 181 184 186 187 188 190 190 193 196 199 203 206 202 199 196 183 170 162 144 138 137 133 132 129 128 128 128 129 130 131 131 131 132 132 132 132 132 132 132 131 130 130 130 129 129 129 128 127 126 125 124 123 122 120 118 116 114 113 112 113 114 114 115 115 116 116 116 116 117 117 118 117 117 117 118 118 118 117 117
153 157 163 173 180 179 182 182 184 185 187 188 190 191 194 197 200 202 205 203 198 193 183 167 148 141 140 132 133 132 128 128 128 129 129 130 131 131 132 132 132 133 133 132 132 132 131 131 130 130 130 129 129 128 127 127 126 125 124 122 120 118 116 114 112 112 113 114 114 115 115 115 116 116 116 117 118 117 117 117 117 118 118 118 117 117
151 157 166 174 179 181 181 183 184 186 187 188 190 191 194 196 199 201 202 202 197 196 183 157 137 137 132 130 132 129 127 128 128 129 130 130 131 132 132 132 133 133 133 133 133 132 132 131 131 131 130 130 129 129 128 127 127 126 125 123 121 120 117 115 113 113 114 115 115 115 116 116 116 117 117 117 118 118 118 117 117 118 118 117 117 117
153 162 167 173 178 180 180 182 183 185 187 188 189 191 193 195 197 198 200 198 196 190 169 147 139 131 127 129 130 127 127 128 128 129 130 131 132 132 133 133 133 133 134 134 133 133 132 132 131 131 131 130 130 129 129 128 127 126 126 124 123 121 119 117 116 115 115 116 116 116 116 116 116 117 117 117 118 120 121 118 118 118 118 118 117 118
156 162 160 165 176 178 180 182 183 184 186 187 189 190 192 193 194 195 197 197 192 180 162 142 132 127 125 129 127 126 127 128 129 130 131 132 132 133 133 134 134 134 134 134 134 133 133 132 132 132 131 131 130 130 130 129 128 128 127 126 125 123 121 119 118 117 117 116 116 116 116 116 116 117 118 118 119 120 122 120 119 118 118 118 118 119
158 155 153 157 171 178 179 180 182 183 185 186 188 189 190 191 191 193 194 194 193 185 170 139 131 124 126 127 126 126 127 128 129 130 131 133 133 134 134 134 135 135 135 134 134 134 133 133 132 132 132 131 131 131 130 130 129 129 128 127 127 125 123 122 120 118 117 117 117 117 117 117 117 117 118 118 118 119 121 120 119 118 118 118 118 119
159 151 151 153 167 177 178 179 180 182 183 184 186 187 189 189 188 191 192 190 190 190 173 141 128 123 123 125 125 126 128 129 130 131 132 133 134 134 135 135 135 135 135 135 135 134 134 134 133 133 133 132 132 131 131 130 130 130 129 129 129 128 126 123 121 119 118 118 118 118 117 117 117 117 117 118 118 118 120 119 118 118 118 118 119 119
152 151 151 153 163 174 177 178 178 180 181 182 184 185 186 187 185 188 188 185 186 188 175 141 129 123 123 124 125 127 128 130 131 132 133 134 135 135 135 136 136 136 136 135 135 135 134 134 134 133 133 133 132 132 131 131 131 131 130 130 131 130 128 125 122 120 118 119 120 119 118 117 117 116 116 117 117 118 119 119 118 118 118 118 119 120
151 150 151 153 163 173 174 176 178 178 180 180 182 182 183 183 182 184 187 180 184 179 164 141 128 124 124 125 127 128 129 131 132 134 135 135 136 136 136 136 136 136 136 136 136 135 135 135 134 133 133 133 133 132 132 131 131 131 131 131 132 131 129 125 122 120 117 118 122 120 118 116 116 115 116 116 116 117 118 118 118 118 118 118 118 119
151 151 151 153 163 172 173 175 176 177 178 178 180 180 180 179 179 182 184 175 180 156 154 143 128 125 125 127 129 130 131 132 134 135 136 136 137 137 137 137 137 137 137 136 136 136 135 135 134 134 134 133 133 133 132 132 132 131 131 131 131 130 128 125 122 120 117 118 119 118 117 115 115 114 114 115 115 116 117 117 117 117 117 117 118 119
152 154 152 155 164 170 174 173 174 175 177 176 178 178 176 176 177 180 177 174 166 139 133 128 126 127 128 129 131 131 132 133 135 136 137 138 138 138 138 138 138 138 137 137 136 136 136 135 135 134 134 134 133 133 133 132 132 131 131 131 130 129 127 125 121 119 117 116 115 115 114 113 113 113 113 114 114 114 115 116 117 117 117 117 117 118
153 157 156 158 164 167 170 171 171 171 174 174 176 176 175 176 178 178 176 159 147 133 130 127 128 132 131 131 131 132 133 135 136 138 138 139 139 139 139 139 138 138 138 137 137 136 136 136 135 135 134 134 133 133 133 132 132 131 131 130 129 128 126 123 121 118 116 114 113 111 111 110 110 111 111 112 112 113 114 116 117 117 117 117 117 117
154 157 157 161 165 166 166 169 169 168 171 172 175 175 173 176 174 178 171 147 140 135 130 129 132 141 135 132 132 133 134 136 138 139 140 140 140 140 140 139 139 138 138 138 137 137 136 136 135 135 134 134 134 133 133 132 132 132 131 130 128 127 125 122 120 117 115 112 110 108 108 108 108 109 110 111 111 112 114 115 117 118 118 118 118 116
156 155 157 163 161 164 161 166 167 168 169 173 173 173 172 172 171 173 172 145 132 135 131 131 136 143 136 134 133 134 136 137 138 140 141 141 141 140 140 140 139 139 138 138 138 137 136 136 135 135 135 134 134 133 133 133 132 131 130 129 128 126 124 122 119 116 113 110 108 106 105 106 107 107 108 109 111 112 113 115 116 118 120 120 120 120
155 156 158 161 160 159 160 161 165 165 167 170 170 171 172 171 166 169 169 150 136 134 134 133 138 144 136 134 135 136 137 138 139 140 141 141 141 141 141 140 140 139 139 138 138 137 137 136 135 135 134 134 134 134 133 133 132 131 130 129 128 126 123 121 118 115 112 109 106 104 103 104 105 106 108 109 110 111 113 115 116 119 121 123 124 124
154 156 156 158 156 157 158 159 163 162 165 165 166 170 168 169 165 164 159 146 140 137 136 137 142 138 135 135 136 136 137 139 139 140 141 141 142 141 141 140 140 140 139 138 138 137 137 136 136 135 135 135 134 134 133 133 132 131 130 129 127 125 123 121 118 115 112 109 106 103 102 103 104 106 107 108 110 111 113 115 116 119 122 125 127 127
155 153 153 155 154 154 156 158 160 161 161 163 164 168 163 164 161 158 151 147 145 140 141 144 139 137 136 136 137 137 138 139 140 141 141 141 142 141 141 141 140 140 139 139 138 137 137 136 135 135 135 135 134 134 134 133 132 131 130 129 127 126 123 121 118 115 112 108 106 104 103 103 103 105 107 108 110 111 113 114 116 119 121 125 127 127
150 152 151 152 152 153 154 156 158 159 162 161 164 166 160 155 162 154 151 151 148 144 143 143 140 138 137 137 137 138 139 139 140 141 141 142 142 142 141 141 140 140 139 139 138 137 137 136 136 135 135 135 134 134 134 133 132 131 130 129 127 125 123 121 119 115 112 108 105 104 103 103 104 105 107 109 110 111 113 114 115 117 119 122 125 127
