layers/bio2_SA.asc
ncols        300
nrows        420
xllcorner    -83.000000000000
yllcorner    -57.000000000000
cellsize     0.166666666667
NODATA_value  -9999
[rows 114 to 151 of 420, columns 172 to 257 of 300]
115 116 116 117 117 117 118 118 118 119 119 119 120 120 120 119 119 118 117 116 115 114 114 113 111 110 108 107 106 105 105 105 106 107 108 110 111 113 115 117 120 122 123 124 125 125 126 126 125 124 122 120 118 116 114 113 112 111 110 110 110 109 109 109 110 110 111 113 114 115 115 116 116 115 115 113 112 110 108 105 102 101 101 102 102 101
117 117 118 118 119 119 119 120 120 120 121 121 122 122 122 121 121 120 119 118 117 115 114 114 112 112 110 109 108 107 107 107 107 109 110 111 112 114 116 118 120 123 123 124 124 125 125 125 124 123 122 120 118 117 115 114 113 112 111 110 110 109 109 109 109 109 110 112 113 115 115 116 116 116 115 114 112 111 108 105 102 101 101 101 102 102
118 119 119 120 120 120 121 121 122 122 123 123 124 124 124 123 123 122 120 119 118 117 116 116 114 113 112 111 110 110 109 109 109 110 111 112 113 114 115 117 119 122 122 123 123 123 124 123 123 122 121 120 118 117 116 114 113 113 112 111 110 110 109 109 109 109 109 110 112 114 115 116 116 116 115 113 111 110 109 106 103 102 101 101 102 103
120 120 121 121 121 122 122 123 123 123 124 125 126 126 126 125 124 123 122 121 120 119 118 117 116 115 114 113 112 112 111 111 111 111 112 112 113 114 115 117 118 119 120 121 121 122 122 122 122 121 120 119 118 117 116 115 114 113 112 111 110 110 109 109 108 108 108 109 110 113 115 116 116 116 115 113 111 110 109 107 104 102 102 102 102 102
121 122 122 123 123 123 124 124 124 125 126 127 127 128 128 127 126 125 124 122 122 121 120 118 117 116 116 115 114 114 113 113 113 113 113 113 114 114 115 115 116 117 118 119 120 120 121 121 121 120 120 119 118 117 116 115 114 113 112 112 111 110 110 109 108 108 108 107 109 113 115 117 118 118 116 113 112 111 110 108 106 103 103 102 103 103
123 123 124 124 124 125 125 126 126 126 127 128 129 130 129 128 127 126 125 124 123 122 121 120 119 118 117 117 116 115 115 115 114 114 114 114 114 114 114 114 114 115 116 117 118 119 119 120 120 120 119 119 118 117 116 116 115 114 113 112 112 111 110 110 109 109 109 109 111 114 117 119 121 120 118 114 112 111 113 111 110 107 104 104 104 104
124 125 125 125 126 126 126 126 126 127 128 129 130 131 130 129 128 127 126 125 125 123 123 122 120 120 119 118 118 117 117 116 116 115 115 114 114 114 113 113 112 113 114 115 117 118 118 119 119 119 119 119 118 117 117 116 115 115 114 113 113 112 111 111 111 110 111 112 114 116 119 121 122 122 119 115 111 110 113 114 112 109 106 106 105 104
126 126 126 127 127 127 128 128 128 128 129 130 131 131 131 130 129 128 127 126 125 125 124 123 122 121 121 120 120 119 119 118 118 117 116 116 115 114 113 112 111 111 113 114 116 117 118 118 119 119 119 118 118 117 117 116 116 115 115 114 114 113 113 113 112 113 113 115 117 119 121 123 123 123 121 116 113 112 113 113 112 109 107 106 105 103
127 128 128 128 128 129 129 129 129 129 130 131 131 132 131 131 130 129 128 127 127 126 125 125 124 123 122 122 121 121 120 120 119 118 117 117 115 115 113 112 111 110 112 114 115 116 117 118 118 119 118 118 118 118 117 117 116 116 115 115 115 114 114 114 115 115 116 118 120 122 124 125 126 125 123 119 116 114 112 112 112 109 108 107 106 104
129 129 129 129 130 130 130 130 130 131 131 131 132 132 131 131 130 130 129 128 128 127 126 126 125 125 124 124 123 122 122 121 121 120 119 117 116 115 114 113 112 112 112 114 115 116 117 118 118 118 119 118 118 118 117 117 117 116 116 116 116 116 116 116 117 118 119 121 123 125 127 128 129 128 126 122 118 115 112 111 111 110 110 110 109 108
130 130 131 131 131 131 131 132 131 131 132 132 132 132 132 132 131 130 129 129 128 128 127 127 126 126 125 125 125 125 124 123 122 121 120 119 117 116 115 114 113 113 114 114 115 116 117 118 118 118 119 119 119 118 118 118 118 117 117 117 117 117 118 119 119 121 123 124 126 128 130 131 131 131 129 125 120 115 111 109 110 111 112 115 115 114
132 132 132 132 132 132 132 132 132 133 132 132 133 133 132 132 132 131 130 129 129 128 128 127 127 126 126 126 126 126 126 125 124 123 121 120 118 117 116 115 115 114 115 115 116 117 118 118 119 119 119 119 119 119 119 118 118 118 118 118 118 118 119 121 122 123 125 127 129 132 133 134 135 134 132 128 122 115 110 107 109 112 115 118 119 118
133 134 133 133 133 133 133 133 133 133 133 133 133 133 133 132 132 131 131 130 129 129 128 128 128 127 127 127 127 128 127 127 125 124 122 121 120 118 117 117 116 116 116 117 117 118 118 119 119 120 120 120 120 120 119 119 119 119 119 119 119 120 121 122 124 126 128 130 133 134 136 137 137 136 134 130 123 116 108 105 109 114 116 119 120 119
134 135 135 135 135 134 135 134 134 134 134 134 134 133 133 133 132 131 131 130 130 129 129 128 128 128 128 128 128 128 129 128 126 125 123 122 120 119 118 118 117 117 117 118 118 119 119 119 120 120 120 120 120 120 120 120 120 119 120 120 120 121 122 124 126 128 130 132 135 137 139 140 140 138 135 131 126 119 113 111 114 118 119 120 121 120
136 136 136 136 136 135 135 135 135 134 134 134 134 134 133 133 132 132 131 131 130 130 129 129 128 128 128 128 128 129 128 128 127 125 124 122 121 120 119 119 118 118 118 119 119 120 120 120 121 121 121 122 121 121 121 121 121 120 120 120 121 122 123 125 127 130 132 135 137 139 140 141 141 139 136 132 128 124 121 120 122 122 123 123 123 121
138 137 137 137 137 136 136 136 136 135 135 135 134 134 133 133 132 132 131 131 130 130 129 129 128 128 128 128 128 128 128 127 126 125 124 123 122 121 120 120 119 119 120 120 120 121 121 121 122 122 122 122 122 122 122 122 122 121 121 121 121 122 124 126 128 131 134 137 139 140 142 142 140 139 136 133 130 128 127 128 129 127 127 126 124 123
139 138 138 138 138 137 137 137 136 136 135 135 134 134 134 133 132 132 131 131 130 130 129 129 128 128 128 128 128 128 127 127 126 125 124 123 122 121 121 121 120 121 120 121 121 121 122 122 122 123 123 123 124 123 123 123 123 122 122 122 122 123 124 127 130 132 135 138 140 142 142 141 139 137 135 133 131 130 131 132 132 131 129 128 126 125
140 139 139 139 139 138 138 137 137 136 136 135 135 134 134 133 132 132 131 131 130 130 129 129 128 128 128 127 127 127 126 126 125 125 124 123 122 122 121 121 121 121 121 122 122 123 123 124 124 124 125 125 125 125 125 124 124 124 123 122 122 123 125 128 130 133 136 138 140 143 143 141 138 135 133 132 132 132 133 134 133 132 131 129 128 126
141 141 140 140 139 139 139 138 137 137 136 136 135 134 134 133 133 132 131 130 130 129 129 128 128 127 127 127 126 126 126 125 125 124 123 123 122 122 122 122 122 122 122 123 123 123 124 124 125 126 126 126 126 127 126 126 126 125 124 123 122 123 126 129 132 134 136 139 141 143 142 138 134 131 130 130 131 133 134 135 135 133 132 130 128 126
142 141 141 140 140 140 139 138 138 137 137 136 135 134 134 133 132 132 131 130 129 129 128 128 127 127 127 126 126 125 125 125 124 123 123 123 122 122 122 122 122 123 123 123 124 124 125 126 127 127 127 128 128 128 128 128 128 127 126 125 125 126 128 130 133 135 137 139 140 140 138 134 129 126 126 128 130 133 136 136 135 134 132 130 128 126
143 142 142 141 141 140 140 139 138 138 137 136 135 134 134 133 132 131 131 130 129 128 128 127 127 126 126 125 125 125 124 123 123 123 122 122 122 122 122 122 123 123 124 124 125 125 126 127 128 128 129 130 130 130 131 130 130 130 129 128 128 129 131 132 134 136 137 138 139 137 134 129 124 120 121 125 129 133 136 137 135 133 131 129 127 125
144 143 143 142 142 141 140 140 139 138 137 136 135 135 134 133 132 131 131 129 129 128 127 127 126 126 125 125 124 124 123 123 123 122 122 122 122 122 122 123 123 124 124 125 126 126 127 128 129 130 130 131 132 132 133 133 133 133 132 132 132 133 133 135 136 137 138 138 138 136 132 127 120 114 117 123 128 133 137 135 133 132 129 127 125 123
144 144 143 143 142 141 141 140 139 138 137 136 135 135 134 133 132 131 130 129 128 127 127 126 126 125 125 124 123 123 123 122 122 121 121 121 122 122 122 123 123 124 125 126 126 127 128 129 130 131 132 133 134 135 135 135 136 136 136 136 136 136 136 137 138 138 139 139 138 136 133 128 121 115 117 122 127 131 134 132 131 128 127 125 123 121
145 144 144 143 143 142 141 141 140 139 138 137 136 135 133 132 132 131 129 128 128 127 126 125 125 124 124 123 123 122 122 122 121 121 121 121 121 122 122 123 124 124 126 126 127 128 129 130 131 133 134 135 136 137 138 138 139 139 139 139 139 139 139 139 139 140 140 139 139 138 136 132 127 122 121 123 125 126 127 126 126 125 123 121 120 119
145 145 144 144 143 143 142 141 140 139 138 137 136 134 133 132 131 130 129 128 127 126 125 125 124 124 123 123 122 122 121 121 120 120 120 120 121 122 122 123 124 125 126 127 128 129 130 131 132 134 136 137 138 139 140 141 142 142 142 142 142 142 142 141 141 141 140 140 140 140 140 138 132 127 124 124 125 125 122 121 122 122 119 117 116 116
145 145 145 144 144 143 142 141 140 139 138 137 135 134 133 132 131 129 128 127 126 125 124 124 123 123 122 122 122 121 121 120 120 119 119 119 121 122 123 124 124 125 126 127 128 129 131 132 133 134 136 138 139 141 142 143 145 145 146 146 146 145 144 143 142 141 140 140 141 141 141 140 136 131 127 125 123 120 119 118 120 118 115 113 112 111
146 146 145 145 144 144 143 142 141 139 138 137 136 134 133 131 130 129 128 126 126 124 124 123 123 122 122 121 121 121 120 120 119 119 119 119 121 122 123 124 125 126 126 128 128 130 131 132 134 135 137 139 141 142 145 146 147 148 149 149 149 148 146 145 143 141 140 140 140 141 141 139 136 132 128 125 120 117 117 117 117 115 112 109 107 107
146 146 146 145 145 144 143 142 141 140 138 137 136 134 133 131 130 128 127 126 125 124 123 123 122 122 121 121 121 121 120 120 120 120 121 121 122 123 124 125 125 126 127 128 129 130 131 133 134 136 138 140 142 144 147 149 150 150 151 151 151 150 148 146 143 141 140 139 140 140 140 138 135 131 128 125 119 116 114 114 114 111 108 107 106 107
146 146 146 146 145 145 144 142 141 140 139 137 136 134 132 130 129 127 126 124 124 123 122 122 121 121 121 121 120 121 120 120 121 121 122 124 124 124 124 125 125 126 127 127 129 130 131 132 134 136 138 141 143 146 148 151 151 152 153 154 154 152 149 146 143 140 138 138 138 140 139 137 134 131 127 124 119 115 113 112 111 108 106 106 107 108
147 147 147 146 146 145 144 143 142 140 139 137 136 134 132 130 128 127 125 124 123 122 121 121 121 121 120 120 120 120 120 120 121 122 123 124 125 125 125 125 125 126 127 128 128 129 131 132 133 135 138 141 144 147 150 152 152 152 154 156 155 153 150 146 142 138 135 134 137 139 138 136 133 130 126 122 119 114 111 110 109 106 104 105 107 108
147 147 147 147 146 146 145 144 142 141 139 138 136 134 132 130 128 126 124 123 122 121 121 120 120 120 120 120 120 120 120 121 121 122 123 124 125 125 125 125 125 126 126 127 127 128 129 130 132 135 137 140 144 148 152 153 153 153 154 155 154 152 149 146 142 138 133 132 135 137 135 134 132 128 123 118 115 112 106 108 106 103 104 104 106 107
147 147 147 147 147 147 146 144 143 141 140 138 136 134 132 130 127 125 124 122 121 120 120 120 119 120 119 120 119 120 120 120 121 122 123 124 125 125 125 125 125 125 126 126 127 127 128 129 131 133 136 139 142 147 149 152 153 154 154 154 153 151 149 146 142 138 135 134 135 136 133 133 130 127 122 117 112 109 102 103 103 101 104 103 105 106
147 148 148 148 148 147 146 145 143 142 140 138 136 134 132 129 127 125 123 121 120 120 119 119 119 119 119 119 119 119 120 120 121 122 123 123 124 125 125 125 125 125 126 126 126 126 126 127 129 131 134 137 140 144 147 150 153 153 153 153 152 150 148 145 143 140 138 136 136 136 133 132 130 126 122 117 112 108 99 99 100 102 102 103 104 104
148 148 148 149 149 148 147 145 144 142 140 138 136 134 132 129 127 125 122 121 120 119 119 119 119 119 119 119 119 119 119 120 121 121 122 123 124 125 125 125 125 125 125 125 125 124 125 126 127 129 131 134 137 142 145 149 151 152 152 151 150 149 147 145 143 141 140 138 137 136 133 131 130 126 122 117 114 107 99 98 103 104 103 103 103 103
148 148 149 149 149 149 148 146 144 142 140 138 136 134 132 129 127 125 123 121 120 119 119 119 118 118 118 119 119 119 119 120 120 121 122 123 124 124 125 125 125 125 125 124 123 122 123 123 124 126 128 131 134 138 143 145 148 150 150 150 149 148 146 145 143 141 140 139 138 137 136 132 130 127 123 119 114 110 105 103 104 103 103 102 102 101
148 148 149 149 150 150 148 147 144 142 140 138 136 134 132 130 127 125 123 122 120 119 119 118 118 118 118 118 118 119 119 119 120 121 122 123 124 124 125 125 125 125 124 123 122 121 121 121 121 123 125 127 130 134 138 143 145 148 148 148 148 146 145 144 142 140 139 138 137 136 135 131 128 126 123 120 116 112 110 108 106 104 102 102 101 99
147 148 148 149 149 149 148 147 145 142 140 138 136 134 132 130 128 125 124 122 121 120 119 119 118 118 118 118 118 118 118 119 119 120 121 122 123 125 124 125 125 124 123 122 121 120 119 118 118 120 121 124 126 129 134 140 143 145 145 146 145 144 143 142 141 140 138 137 136 135 134 131 127 126 123 120 117 114 112 111 107 104 101 100 100 97
147 148 148 149 149 148 147 146 144 142 140 138 136 134 132 130 128 126 124 122 121 120 119 118 118 118 118 118 118 118 118 118 119 120 121 122 123 124 125 125 125 123 122 121 120 118 117 115 116 117 118 120 121 125 131 138 141 143 143 144 143 142 141 141 140 138 138 136 135 135 134 132 128 125 123 120 118 115 113 111 107 104 100 98 100 96
