layers/bio2_SA.asc
ncols        300
nrows        420
xllcorner    -83.000000000000
yllcorner    -57.000000000000
cellsize     0.166666666667
NODATA_value  -9999
[rows 114 to 151 of 420, columns 86 to 171 of 300]
103 103 102 101 100 100 100 99 98 98 98 97 97 96 96 96 96 96 96 96 96 96 95 96 96 95 95 96 95 95 95 95 95 95 95 95 95 95 94 94 94 94 94 94 94 94 94 95 95 95 96 96 97 97 98 98 99 99 100 100 101 102 102 102 103 103 104 105 106 106 107 107 108 109 109 110 111 111 112 113 113 114 114 114 114 115
104 104 103 102 102 101 101 100 99 99 99 98 98 97 97 97 97 97 97 97 97 97 96 97 96 96 97 96 96 96 96 96 96 96 96 96 96 95 95 95 95 95 95 95 95 95 96 96 96 96 97 97 98 98 99 99 100 100 101 101 102 102 103 103 104 104 105 106 107 107 108 109 109 110 111 111 112 112 113 114 115 115 115 116 116 116
105 105 104 103 103 102 102 101 101 100 99 99 99 99 98 98 98 97 98 97 97 97 97 97 97 97 97 97 97 97 97 97 97 97 97 97 97 96 96 96 96 96 96 96 96 96 97 97 97 98 98 98 99 99 100 100 101 101 102 103 103 104 104 104 105 105 106 107 108 109 109 110 111 112 112 113 113 114 114 115 116 116 117 117 118 118
106 105 105 104 104 104 103 102 102 101 101 100 100 99 99 99 99 99 98 98 98 98 98 98 98 98 98 98 98 98 98 98 98 98 98 98 98 98 98 97 97 97 97 97 97 98 98 98 98 99 99 100 100 101 101 102 102 102 103 104 104 104 105 106 106 107 107 108 109 110 110 111 112 113 113 114 114 116 116 116 117 118 118 119 119 119
107 106 106 105 105 104 104 103 102 102 102 101 101 100 100 100 100 100 99 99 99 99 99 99 99 99 99 99 99 99 99 99 99 99 99 99 99 99 98 99 99 98 98 98 99 99 99 99 99 100 100 101 101 102 102 103 103 103 104 105 105 106 107 107 108 108 108 109 110 111 112 113 114 114 115 115 116 117 117 118 119 119 120 120 121 121
108 108 107 107 106 106 105 104 104 103 103 102 102 101 101 101 100 100 100 100 100 100 100 100 100 99 100 100 100 100 100 100 100 100 100 100 100 100 100 100 99 99 99 100 100 100 100 100 101 101 102 102 103 103 104 104 104 105 105 106 107 107 108 109 109 109 110 110 111 112 113 114 115 115 116 117 118 118 119 119 120 121 121 121 122 123
109 109 109 108 107 107 106 106 105 104 104 103 103 102 102 102 101 101 101 101 101 101 101 101 101 101 100 100 100 101 100 101 101 101 101 101 101 101 101 100 100 100 100 101 101 101 101 101 102 102 102 103 104 104 105 105 106 106 106 107 108 108 109 109 110 111 111 112 112 113 114 115 116 117 117 118 119 120 120 121 122 122 123 123 124 124
110 110 110 109 108 108 107 106 106 105 105 104 103 103 103 102 102 102 102 102 101 101 101 101 101 101 101 101 101 101 101 101 102 102 102 102 102 102 101 102 101 102 102 102 102 102 103 103 103 104 104 105 105 106 106 107 107 107 107 108 109 109 110 110 111 112 113 113 114 115 116 117 118 118 119 120 120 121 122 122 123 124 124 125 125 126
111 111 111 110 109 109 108 108 107 106 106 105 104 104 103 103 103 102 102 102 102 102 102 102 102 101 101 101 101 101 102 102 102 103 103 103 103 102 102 102 102 103 103 103 103 103 104 104 104 105 106 106 107 106 107 108 108 108 109 109 110 111 111 112 112 113 114 115 115 116 117 118 119 119 120 121 122 123 123 124 125 125 126 126 127 127
113 113 112 111 111 110 109 108 108 107 106 105 105 104 104 104 103 103 103 102 102 102 102 102 102 102 102 102 102 102 102 102 103 103 104 103 103 103 103 103 103 104 104 104 104 105 105 105 105 106 107 107 108 108 108 109 110 110 111 111 111 112 112 113 113 114 114 116 117 118 119 120 120 121 122 122 123 124 125 125 126 127 127 128 128 129
114 114 113 113 112 111 110 109 108 107 107 106 106 105 104 104 104 103 103 103 103 103 102 103 102 102 102 102 102 102 102 103 103 104 104 104 104 104 104 104 104 105 105 105 105 106 106 106 107 107 107 108 109 109 110 110 111 111 111 112 112 113 113 114 114 116 116 117 118 119 120 121 122 122 123 124 125 126 126 127 128 128 129 129 130 130
115 115 114 114 113 112 111 110 109 108 107 107 106 106 105 105 105 104 104 103 103 103 103 103 102 102 102 102 102 102 102 103 103 103 103 104 104 104 104 105 105 105 106 106 106 107 107 108 108 108 109 109 110 110 111 111 112 112 113 113 114 114 115 115 116 116 117 118 119 121 122 122 123 124 124 125 126 127 128 128 129 130 130 131 131 131
117 116 116 115 114 113 112 111 110 109 108 108 107 106 106 105 105 105 104 104 103 103 103 103 103 103 102 102 102 102 102 102 103 103 103 104 104 104 105 105 106 106 107 107 107 108 108 109 109 109 110 110 111 111 112 112 113 113 114 115 115 116 116 117 117 118 119 119 121 122 123 124 125 126 126 127 128 129 129 130 131 131 132 132 132 133
118 118 117 116 115 114 113 111 110 109 109 108 108 107 106 105 105 105 104 104 104 104 103 103 103 103 103 102 102 102 102 102 102 103 103 104 104 105 106 106 107 107 108 108 109 109 109 110 110 111 111 112 112 112 113 113 114 115 115 116 116 117 117 118 119 119 120 121 122 123 124 126 126 127 128 129 129 130 131 131 132 133 134 134 134 134
120 119 118 117 115 114 113 112 111 110 109 108 108 107 106 106 106 105 105 105 104 104 103 103 103 103 103 103 102 102 102 102 102 103 103 104 105 105 106 107 107 108 109 109 110 110 111 111 111 112 112 113 113 114 114 115 115 116 116 117 118 118 119 119 120 120 121 122 123 124 125 127 127 129 130 131 132 132 132 133 134 134 135 135 135 136
121 120 119 118 116 115 113 112 111 110 109 109 108 107 107 106 106 105 105 105 104 104 104 104 104 103 103 102 102 102 102 102 102 103 103 104 105 106 107 108 108 109 109 110 111 111 112 112 113 113 114 114 114 115 115 116 116 117 118 118 119 119 120 120 121 122 122 123 124 125 126 127 128 129 130 131 133 134 134 135 135 136 136 137 137 137
122 121 120 119 117 115 114 112 111 110 109 109 108 107 107 106 106 106 105 105 105 104 104 104 104 104 103 103 103 103 103 103 102 103 104 105 106 107 108 109 109 110 111 111 112 113 113 114 114 114 115 115 115 116 116 117 117 118 118 119 120 121 121 121 123 123 124 124 125 126 127 128 129 130 131 132 133 134 136 137 138 138 138 139 139 139
124 122 120 119 116 115 113 112 111 110 109 109 108 108 107 107 106 106 106 105 105 105 104 104 104 104 104 103 103 103 103 103 103 104 105 106 107 108 109 110 111 111 112 113 113 114 114 115 115 115 116 116 117 117 118 118 118 119 120 120 121 121 122 123 124 124 125 125 126 127 128 129 130 131 132 133 134 136 137 138 139 140 140 140 140 140
125 123 120 118 116 114 113 112 111 110 110 109 108 108 108 107 107 106 106 106 106 105 105 105 105 105 104 104 104 104 104 104 105 105 106 107 108 109 110 111 112 113 113 114 115 115 115 116 116 117 117 117 118 118 118 119 119 120 121 121 122 123 123 124 125 126 126 126 127 128 129 130 131 132 133 134 135 137 138 139 140 141 142 142 142 141
124 122 119 117 115 113 112 111 110 110 109 109 108 108 108 107 107 107 106 106 106 106 105 105 105 105 105 105 105 106 106 106 106 107 108 109 110 111 112 113 113 114 114 115 116 116 117 117 118 118 118 118 119 119 119 120 120 121 122 122 123 124 124 125 126 127 128 128 129 129 130 131 132 133 134 135 136 137 139 140 141 143 143 143 143 142
121 120 117 116 114 112 111 111 110 109 109 109 108 108 108 108 107 107 107 106 106 106 106 106 106 106 106 106 106 107 107 107 108 108 109 110 111 112 113 114 115 116 116 117 117 118 118 118 119 119 119 119 120 120 121 121 122 122 123 124 124 124 125 126 127 128 128 129 129 130 131 132 133 134 136 136 137 138 140 141 142 143 144 144 144 143
119 117 116 114 112 111 110 110 109 109 109 108 108 108 108 108 108 107 107 106 106 106 106 106 106 106 107 107 108 108 108 109 109 110 111 112 113 114 115 115 117 117 118 118 118 119 119 120 120 120 120 121 121 122 122 122 123 124 124 124 125 125 126 127 127 128 129 129 130 131 132 133 134 135 136 137 138 139 140 141 142 143 144 145 144 144
116 115 113 111 110 109 108 109 108 108 108 109 109 108 108 108 107 107 107 106 106 107 107 107 107 107 108 108 108 109 110 110 111 112 113 114 115 116 117 117 118 119 119 120 120 120 121 121 121 121 122 122 122 122 123 123 123 124 125 125 126 126 127 127 128 129 130 130 131 132 133 134 135 136 137 138 139 139 141 142 142 143 144 145 145 144
113 112 111 110 108 107 107 108 108 108 108 108 108 108 108 108 108 107 107 107 107 107 107 108 108 108 108 109 110 110 111 112 113 113 114 115 117 118 118 119 120 120 121 121 121 122 122 122 122 122 123 123 123 123 124 124 124 125 125 126 127 127 127 128 129 130 130 131 132 133 133 134 135 136 137 138 139 140 141 142 143 144 144 145 145 145
111 110 109 108 107 106 107 107 108 108 108 109 109 109 109 108 108 108 108 107 107 107 108 108 109 109 110 110 111 111 112 113 114 115 116 117 118 119 120 121 122 122 123 123 123 123 123 123 123 123 124 124 124 124 124 125 125 126 126 127 127 128 128 129 130 130 131 132 133 133 134 135 136 137 138 139 139 141 141 142 143 144 144 145 145 145
109 108 108 107 106 106 106 107 107 108 109 109 109 109 109 109 109 108 108 108 107 108 108 109 109 110 110 111 112 113 114 115 115 117 118 119 120 121 122 123 123 124 125 124 125 124 124 124 124 124 125 125 125 125 126 126 127 127 127 127 128 129 129 130 131 131 132 133 134 134 135 136 136 137 138 139 140 141 141 143 143 144 144 145 145 145
107 107 106 106 106 106 106 107 108 108 109 109 110 110 110 110 109 109 108 108 108 108 109 109 110 111 111 112 113 114 115 116 117 118 119 121 122 123 124 124 125 125 125 126 126 125 125 125 125 125 125 126 126 126 127 127 127 128 128 128 129 129 130 131 132 132 133 133 134 135 135 136 137 138 139 139 140 141 142 142 143 144 144 145 145 146
106 105 104 105 106 106 107 107 107 108 109 110 110 111 111 110 110 109 108 108 108 108 109 110 111 112 113 114 114 115 117 117 118 120 121 122 123 124 126 126 127 127 127 127 127 126 126 126 126 126 126 127 127 127 127 127 128 129 129 129 130 130 131 131 132 133 133 134 134 135 136 136 137 138 139 140 140 141 142 143 144 144 145 145 146 146
105 104 104 105 105 106 107 107 108 109 110 111 111 112 112 112 111 110 109 108 108 109 110 110 111 113 114 115 116 117 119 119 120 121 122 123 125 126 127 128 129 129 129 128 128 127 127 127 126 126 127 127 127 128 128 128 128 129 129 130 130 130 131 131 132 133 134 134 135 135 136 137 137 138 139 140 141 142 142 143 144 145 145 146 146 146
104 105 105 105 105 106 107 108 109 109 110 111 112 113 113 113 112 111 110 109 109 110 110 112 112 114 114 116 117 119 121 120 121 122 123 125 126 127 129 130 130 130 130 129 128 128 128 127 127 127 127 128 128 128 128 129 129 130 130 130 131 131 131 132 132 133 133 134 135 136 136 137 138 138 139 140 140 142 143 143 144 145 145 146 146 146
105 105 105 106 106 107 107 108 109 110 111 111 112 113 114 114 113 112 111 110 110 111 112 112 113 114 115 116 117 119 120 121 122 123 124 125 127 128 129 131 131 131 131 130 129 129 128 128 128 127 128 128 128 129 129 129 130 130 130 131 131 132 132 133 133 133 134 135 135 136 137 137 138 139 140 140 141 141 142 143 144 145 145 146 146 146
106 106 106 106 107 107 108 109 109 110 111 112 113 114 114 114 114 113 112 112 112 112 113 113 114 115 116 117 118 119 120 122 123 124 125 126 127 128 130 130 131 131 131 130 130 129 129 129 128 128 129 129 129 129 129 129 130 130 131 131 132 132 133 133 134 134 134 135 135 136 137 137 138 139 140 140 141 142 142 143 144 145 145 146 146 147
107 107 107 107 107 108 108 109 110 111 111 112 113 114 114 114 114 113 113 113 113 114 114 115 115 116 117 118 119 120 121 122 123 124 125 127 128 129 130 130 131 131 130 130 130 129 129 129 129 129 129 129 129 129 130 130 130 131 132 132 132 132 133 133 134 134 135 135 135 136 137 137 138 139 139 140 141 142 142 143 144 145 145 146 147 147
108 108 108 108 108 108 109 110 110 111 112 113 113 114 115 114 115 115 114 114 114 115 115 116 116 117 118 119 120 121 122 123 124 125 126 126 128 129 130 130 130 130 130 130 130 129 129 129 129 129 129 129 129 129 130 130 131 131 132 132 133 133 133 134 134 135 135 135 135 136 136 137 138 138 139 140 141 141 142 143 144 144 145 146 147 147
109 109 109 109 109 109 110 110 111 111 112 113 114 114 115 115 115 115 115 115 115 116 116 117 117 118 119 120 121 122 123 123 124 125 126 127 128 129 129 130 130 130 130 130 130 129 129 129 129 129 129 129 129 129 130 131 131 132 132 133 133 133 134 134 135 135 135 135 136 136 136 137 138 138 139 140 141 141 142 143 143 144 145 146 147 147
110 110 110 109 109 110 110 111 111 112 113 113 114 114 115 115 116 116 116 116 116 117 117 118 118 119 120 121 121 122 123 123 124 125 126 127 128 128 130 130 130 130 130 130 130 129 129 129 129 129 129 129 129 129 130 131 132 132 132 133 134 134 134 135 135 135 136 136 136 136 136 137 137 138 139 139 140 141 142 143 143 144 145 146 146 147
111 110 110 110 110 110 110 111 112 112 113 113 114 115 115 116 116 116 117 117 117 118 118 119 119 120 120 121 122 122 123 124 125 125 126 127 128 129 130 130 130 130 130 130 129 129 129 129 128 128 128 129 129 130 130 131 132 132 133 133 134 135 135 135 135 135 136 136 136 136 136 136 137 138 139 139 140 141 141 142 143 144 144 145 146 147
111 111 110 110 110 110 111 111 112 113 113 114 115 115 116 116 117 117 117 118 118 119 119 119 120 121 121 122 122 123 123 124 125 126 126 127 128 128 129 130 130 130 130 130 129 129 129 128 128 128 128 128 129 130 130 131 132 132 133 134 135 135 136 136 136 136 136 136 136 136 136 136 137 137 138 139 139 141 141 142 143 143 144 145 146 146
