layers/bio2_SA.asc
ncols        300
nrows        420
xllcorner    -83.000000000000
yllcorner    -57.000000000000
cellsize     0.166666666667
NODATA_value  -9999
[rows 76 to 113 of 420, columns 0 to 85 of 300]
-9999 -9999 -9999 -9999 -9999 -9999 -9999 -9999 -9999 -9999 -9999 -9999 -9999 -9999 -9999 -9999 -9999 68 71 77 79 81 83 85 89 98 110 116 120 103 97 110 108 102 99 98 97 97 96 96 95 94 94 93 93 92 91 90 90 89 89 89 89 89 89 89 89 89 89 88 88 88 88 88 88 88 88 88 88 88 88 89 89 89 89 89 89 89 90 90 90 90 91 91 92 93
-9999 -9999 -9999 -9999 -9999 -9999 -9999 -9999 -9999 -9999 -9999 -9999 -9999 -9999 -9999 -9999 -9999 75 78 82 83 84 85 85 89 104 120 129 110 97 91 112 109 101 99 98 98 97 96 96 96 95 95 94 93 92 91 91 90 89 88 89 89 89 88 88 88 88 88 88 88 88 88 88 88 88 88 88 88 88 88 88 88 89 89 89 89 89 89 89 90 90 90 91 91 92
-9999 -9999 -9999 -9999 -9999 -9999 -9999 -9999 -9999 -9999 -9999 -9999 -9999 -9999 -9999 -9999 78 80 84 87 89 91 89 85 91 112 117 137 115 87 88 118 113 104 99 98 98 97 97 96 96 96 95 95 94 93 92 91 90 89 88 88 89 88 88 89 88 88 88 88 88 87 87 88 87 87 87 87 87 88 88 88 88 88 88 88 89 89 89 89 90 90 90 91 91 92
-9999 -9999 -9999 -9999 -9999 -9999 -9999 -9999 -9999 -9999 -9999 -9999 -9999 -9999 -9999 74 79 84 88 92 94 96 91 84 91 122 113 142 94 84 101 117 116 106 99 98 98 97 97 96 96 96 95 94 94 93 92 92 91 90 89 89 89 89 89 88 88 88 88 88 88 87 87 87 87 87 87 88 87 88 88 88 88 88 88 88 89 89 89 89 89 90 90 90 91 91
-9999 -9999 -9999 -9999 -9999 -9999 -9999 -9999 -9999 -9999 -9999 -9999 -9999 -9999 -9999 73 82 87 91 93 94 93 89 90 95 117 118 116 84 92 110 116 116 104 99 98 98 97 97 96 96 96 95 95 94 94 93 92 91 91 90 89 89 89 89 89 88 88 88 88 87 88 88 87 87 87 87 87 87 88 88 88 88 88 88 88 88 89 89 89 89 89 89 90 90 90
-9999 -9999 -9999 -9999 -9999 -9999 -9999 -9999 -9999 -9999 -9999 -9999 -9999 -9999 -9999 75 84 91 94 94 92 89 86 90 108 108 105 88 82 84 111 115 112 103 99 98 98 98 97 96 96 96 95 95 95 94 93 93 92 91 90 90 90 89 89 89 89 88 88 88 88 87 87 87 87 87 87 87 87 87 88 88 88 88 88 88 88 88 89 89 89 89 89 89 90 90
-9999 -9999 -9999 -9999 -9999 -9999 -9999 -9999 -9999 -9999 -9999 -9999 -9999 -9999 83 86 92 97 96 94 91 87 84 85 105 103 111 87 87 104 114 104 105 100 99 99 99 98 98 97 97 96 96 95 95 94 93 93 92 92 91 91 90 90 90 89 89 89 88 88 88 88 87 87 87 87 87 87 87 88 88 88 88 88 88 88 88 89 88 89 89 89 89 89 89 89
-9999 -9999 -9999 -9999 -9999 -9999 -9999 -9999 -9999 -9999 -9999 -9999 72 76 87 96 99 100 98 94 90 86 83 84 99 101 111 87 95 108 105 100 102 99 99 99 99 98 98 98 97 96 96 95 95 94 94 93 93 92 92 91 91 90 90 89 89 89 89 89 89 88 88 88 87 87 88 88 88 88 88 88 88 88 88 88 88 88 88 89 89 89 89 89 89 90
-9999 -9999 -9999 -9999 -9999 -9999 -9999 -9999 -9999 -9999 -9999 -9999 74 80 89 98 101 99 99 94 89 85 82 84 95 95 111 90 97 107 98 98 99 99 99 99 99 98 98 98 98 97 96 96 95 95 94 94 93 93 92 92 91 91 91 90 90 90 89 89 89 88 88 88 88 88 88 88 88 88 88 88 88 88 88 88 88 88 89 89 89 89 89 89 89 89
-9999 -9999 -9999 -9999 -9999 -9999 -9999 -9999 -9999 -9999 -9999 66 75 81 89 98 103 103 100 95 90 86 83 88 95 99 113 98 101 107 97 98 99 99 99 99 99 98 98 98 97 97 96 96 96 95 95 94 94 93 93 92 92 91 91 91 90 90 90 90 89 89 89 88 88 88 88 88 88 88 88 88 88 88 88 88 89 88 88 89 88 89 89 89 89 89
-9999 -9999 -9999 -9999 -9999 -9999 -9999 -9999 -9999 -9999 -9999 -9999 -9999 82 87 95 103 104 100 95 91 87 83 95 91 92 107 107 103 99 97 99 99 99 99 99 99 99 98 98 98 97 97 96 96 96 95 95 94 94 93 93 92 92 92 91 91 91 90 90 90 90 89 89 89 89 88 89 89 88 89 88 88 88 88 88 88 88 89 89 89 89 89 89 89 89
-9999 -9999 -9999 -9999 -9999 -9999 -9999 -9999 -9999 -9999 -9999 -9999 72 79 86 96 102 104 101 96 90 87 84 102 101 106 111 101 106 95 96 97 98 99 99 99 99 99 98 98 98 97 97 97 96 96 95 95 95 94 94 93 93 92 92 92 91 91 91 91 90 90 90 90 90 89 89 89 89 89 89 89 89 89 89 89 89 89 89 89 89 89 89 89 89 89
-9999 -9999 -9999 -9999 -9999 -9999 -9999 -9999 -9999 -9999 -9999 -9999 -9999 76 84 93 102 106 101 95 90 87 87 106 101 106 111 99 108 97 97 97 98 99 99 99 99 99 99 98 98 98 97 97 97 96 96 95 95 95 94 94 94 93 93 93 92 92 92 91 91 91 90 90 90 90 89 89 89 89 89 89 89 89 89 89 89 89 89 89 89 89 89 89 89 89
-9999 -9999 -9999 -9999 -9999 -9999 -9999 -9999 -9999 -9999 -9999 -9999 -9999 72 81 90 100 104 100 95 90 87 88 103 107 105 107 101 110 99 97 98 98 99 99 99 99 99 99 98 98 98 98 97 97 97 96 96 96 95 95 95 94 94 94 93 93 93 92 92 92 91 91 91 90 90 90 90 90 89 89 89 90 89 89 89 90 89 89 89 89 90 89 89 89 90
-9999 -9999 -9999 -9999 -9999 -9999 -9999 -9999 -9999 -9999 -9999 -9999 -9999 66 77 88 94 97 95 94 92 88 87 100 108 105 99 104 112 102 100 99 99 99 100 99 100 99 99 99 98 98 98 98 97 97 97 96 96 96 95 95 95 95 94 94 94 93 93 92 92 92 92 91 91 91 90 90 90 90 90 90 90 90 90 90 90 89 89 89 89 90 90 89 90 90
-9999 -9999 -9999 -9999 -9999 -9999 -9999 -9999 -9999 -9999 -9999 46 51 62 75 86 92 93 92 95 94 88 88 97 112 101 96 112 112 101 104 101 100 99 100 99 99 99 99 99 98 98 98 98 98 97 97 97 97 96 96 96 95 95 95 95 94 94 94 93 93 93 92 92 92 91 91 91 90 90 91 90 90 90 90 90 90 90 90 90 90 90 90 90 90 90
-9999 -9999 -9999 -9999 -9999 -9999 -9999 -9999 -9999 -9999 -9999 -9999 55 64 77 86 92 93 94 96 94 90 93 109 98 94 101 108 109 103 104 100 99 99 99 99 99 99 99 99 99 98 98 98 98 98 98 97 97 97 97 96 96 96 95 95 95 95 94 94 94 93 93 92 92 92 92 91 91 91 91 91 91 90 90 90 90 90 90 90 90 90 90 90 90 90
-9999 -9999 -9999 -9999 -9999 -9999 -9999 -9999 -9999 -9999 -9999 -9999 -9999 -9999 82 89 92 92 93 94 94 95 101 95 94 99 114 112 104 106 102 98 99 99 99 99 99 99 99 99 99 99 99 98 98 98 98 98 97 97 97 97 97 96 96 96 95 95 95 95 94 94 94 93 93 93 92 92 92 91 91 91 91 91 90 90 90 90 91 90 90 91 91 90 90 90
-9999 -9999 -9999 -9999 -9999 -9999 -9999 -9999 -9999 -9999 -9999 -9999 -9999 -9999 -9999 92 89 89 90 92 97 100 87 87 106 108 109 110 101 108 101 98 98 98 99 99 99 99 99 99 99 99 99 99 98 98 98 98 98 98 98 98 97 97 97 96 96 96 96 96 95 95 94 94 93 93 92 92 92 92 92 91 91 91 91 91 91 91 91 91 91 91 91 91 91 91
-9999 -9999 -9999 -9999 -9999 -9999 -9999 -9999 -9999 -9999 -9999 -9999 -9999 -9999 -9999 84 85 85 86 88 96 98 85 95 108 107 105 110 105 105 99 98 98 98 98 99 99 99 99 99 99 99 99 99 99 99 99 99 98 98 98 98 98 97 97 97 97 97 96 96 96 95 95 94 94 93 93 93 93 92 92 92 92 91 91 91 91 91 91 91 91 91 91 91 91 91
-9999 -9999 -9999 -9999 -9999 -9999 -9999 -9999 -9999 -9999 -9999 -9999 -9999 -9999 -9999 83 82 81 79 87 101 89 87 95 99 99 108 106 104 101 99 98 98 98 98 98 98 98 98 98 98 99 99 99 99 99 99 99 99 99 99 98 98 98 98 98 98 98 97 97 96 95 95 94 94 94 93 93 93 93 93 93 92 92 92 92 92 91 91 91 92 92 91 91 91 92
-9999 -9999 -9999 -9999 -9999 -9999 -9999 -9999 -9999 -9999 -9999 -9999 -9999 -9999 -9999 84 84 74 75 89 103 102 107 93 94 106 111 109 108 108 99 98 97 98 98 98 98 98 98 98 98 98 99 99 99 99 99 99 99 99 99 99 99 98 98 98 98 98 98 97 97 96 95 95 94 94 94 94 94 93 93 93 93 93 92 92 92 92 92 92 92 92 92 92 92 92
-9999 -9999 -9999 -9999 -9999 -9999 -9999 -9999 -9999 -9999 -9999 -9999 -9999 -9999 -9999 94 91 87 85 97 105 105 105 96 96 107 108 109 109 106 99 99 97 97 97 97 97 97 98 98 98 98 98 99 99 99 100 100 99 99 99 99 99 99 99 99 99 99 98 98 97 96 95 95 95 94 94 94 94 94 94 93 93 93 93 93 92 92 92 92 92 92 92 92 92 92
-9999 -9999 -9999 -9999 -9999 -9999 -9999 -9999 -9999 -9999 -9999 -9999 -9999 -9999 98 99 101 103 101 110 106 96 96 94 108 107 107 108 106 102 99 97 98 97 97 97 97 97 97 97 97 98 98 99 99 100 100 100 100 100 100 99 99 99 99 99 99 99 99 98 97 96 95 95 95 95 95 94 94 94 94 94 94 94 93 93 93 93 93 93 93 93 93 93 93 93
-9999 -9999 -9999 -9999 -9999 -9999 -9999 -9999 -9999 -9999 -9999 -9999 -9999 100 104 106 109 110 112 114 113 103 96 97 109 109 109 108 105 102 100 97 99 97 96 96 96 96 97 97 97 98 98 99 99 100 100 100 100 100 100 100 99 99 99 99 98 98 98 97 96 96 96 95 95 95 95 95 95 95 95 95 94 94 94 94 93 93 93 93 94 93 94 94 94 94
-9999 -9999 -9999 -9999 -9999 -9999 -9999 -9999 -9999 -9999 -9999 -9999 103 106 110 114 116 117 119 118 118 111 102 102 109 111 110 108 105 104 101 97 98 97 96 96 96 96 96 96 97 97 98 98 99 100 100 100 100 100 100 100 99 99 99 98 97 96 94 94 95 96 95 95 95 95 95 95 95 95 95 95 95 95 95 95 94 94 93 94 95 95 95 95 95 94
-9999 -9999 -9999 -9999 -9999 -9999 -9999 -9999 -9999 -9999 -9999 104 107 112 117 118 121 123 122 123 122 122 110 104 114 111 111 108 106 104 100 97 98 96 95 95 95 95 96 96 96 97 98 98 99 99 100 100 100 100 100 100 100 99 99 98 97 96 94 94 95 95 95 96 96 96 96 96 96 96 96 96 96 96 96 96 96 94 94 95 96 96 96 95 95 95
-9999 -9999 -9999 -9999 -9999 -9999 -9999 -9999 -9999 -9999 106 109 112 119 121 122 124 126 126 126 126 119 124 105 110 115 111 107 105 104 99 97 97 96 95 95 95 94 95 95 96 96 97 98 99 99 100 100 100 100 100 100 100 100 99 99 98 97 95 96 96 96 96 96 96 96 96 96 96 97 96 97 97 97 97 97 97 97 97 98 98 97 97 96 96 96
-9999 -9999 -9999 -9999 -9999 -9999 -9999 -9999 -9999 -9999 108 112 117 121 122 123 124 128 129 128 128 126 113 112 116 116 110 106 103 101 98 97 96 95 94 94 94 94 94 95 95 96 97 97 98 99 100 100 100 100 101 100 100 100 100 99 98 97 97 96 97 96 96 96 97 97 97 97 97 97 97 97 98 98 98 99 99 100 101 100 99 98 98 97 97 96
-9999 -9999 -9999 -9999 -9999 -9999 -9999 -9999 -9999 -9999 110 115 120 122 123 124 127 130 130 127 127 121 116 122 118 115 111 107 103 100 98 96 96 94 93 93 93 93 94 94 95 96 97 97 98 99 100 100 101 101 101 101 101 100 100 100 99 98 98 98 97 97 97 97 97 97 97 97 97 98 98 98 99 99 99 100 100 101 101 101 100 99 99 98 98 97
-9999 -9999 -9999 -9999 -9999 -9999 -9999 -9999 -9999 -9999 111 116 120 122 123 126 127 130 128 129 126 117 119 122 115 117 111 108 102 99 98 97 95 94 93 93 93 93 93 94 95 96 97 98 98 99 100 100 101 101 101 101 101 101 101 100 100 100 99 99 98 98 98 98 98 98 98 98 98 98 99 99 99 99 100 101 101 101 102 101 101 100 100 99 98 98
-9999 -9999 -9999 -9999 -9999 -9999 -9999 -9999 -9999 -9999 113 116 120 123 126 126 126 129 126 126 126 120 122 121 118 116 111 107 103 100 97 97 94 93 92 92 92 92 93 94 95 96 97 98 99 100 100 101 101 102 102 102 102 102 102 101 101 101 100 99 99 99 98 98 98 98 98 98 98 99 99 99 99 100 101 101 101 102 102 102 102 101 100 100 99 98
-9999 -9999 -9999 -9999 -9999 -9999 -9999 -9999 -9999 -9999 115 118 121 125 127 128 126 126 128 126 123 121 121 120 117 115 112 106 103 101 98 97 94 92 92 92 92 92 93 94 95 96 97 98 99 100 101 102 102 102 103 103 103 102 102 102 102 102 101 100 100 99 99 99 99 99 99 99 99 99 100 100 100 101 101 101 102 102 102 102 102 102 101 100 99 99
-9999 -9999 -9999 -9999 -9999 -9999 -9999 -9999 -9999 -9999 115 119 121 124 126 127 126 124 124 124 124 124 122 120 117 114 113 106 103 101 99 97 93 91 90 91 91 92 93 94 95 97 98 99 100 101 102 102 103 103 103 103 103 103 103 103 103 102 101 101 100 100 99 99 99 99 99 99 100 100 100 100 101 101 102 102 102 102 103 103 102 102 101 101 100 100
-9999 -9999 -9999 -9999 -9999 -9999 -9999 -9999 -9999 -9999 -9999 118 119 121 123 124 124 122 123 122 125 125 123 119 116 110 111 108 109 103 103 100 95 93 88 87 89 92 93 95 96 98 99 100 102 103 103 104 104 104 104 104 104 104 103 103 103 102 102 101 101 101 100 100 99 99 100 100 100 100 101 101 101 101 102 102 102 103 103 103 103 102 102 101 101 101
-9999 -9999 -9999 -9999 -9999 -9999 -9999 -9999 -9999 -9999 -9999 -9999 117 118 119 121 121 120 120 121 125 125 126 122 119 111 107 110 114 111 105 101 96 93 91 87 86 91 95 97 98 99 101 102 103 104 105 105 105 105 105 105 105 104 104 103 103 103 102 101 101 101 100 100 100 100 100 100 100 100 101 101 102 102 102 102 103 103 103 103 103 103 102 102 102 101
-9999 -9999 -9999 -9999 -9999 -9999 -9999 -9999 -9999 -9999 -9999 113 114 115 116 117 117 116 115 117 127 126 127 123 122 111 108 106 108 115 109 109 99 88 85 83 86 90 97 100 101 102 103 105 105 106 106 106 106 106 106 105 105 105 104 104 104 103 102 102 101 101 100 100 100 100 100 100 101 101 101 101 102 102 102 103 104 104 104 104 104 103 103 103 103 102
-9999 -9999 -9999 -9999 -9999 -9999 -9999 -9999 -9999 -9999 -9999 113 112 112 113 113 113 112 113 113 121 129 125 125 119 113 115 117 110 112 112 115 112 96 85 81 86 95 96 105 105 105 107 108 108 109 108 108 108 107 107 106 106 105 105 104 104 103 102 102 102 101 100 100 100 100 100 101 101 101 101 102 102 103 103 103 104 104 104 104 104 104 104 103 103 103
