layers/bio4_SA.asc
ncols        300
nrows        420
xllcorner    -83.000000000000
yllcorner    -57.000000000000
cellsize     0.166666666667
NODATA_value  -9999
[rows 72 to 107 of 420, columns 162 to 242 of 300]
683 676 665 674 661 658 646 626 650 625 629 620 607 609 619 597 613 604 584 598 588 588 576 588 598 618 599 585 592 591 610 609 596 608 606 606 606 -9999 -9999 -9999 -9999 -9999 -9999 -9999 -9999 -9999 -9999 -9999 -9999 -9999 -9999 -9999 -9999 -9999 -9999 -9999 -9999 -9999 -9999 -9999 -9999 -9999 -9999 -9999 -9999 -9999 -9999 -9999 -9999 -9999 -9999 -9999 -9999 -9999 -9999 -9999 -9999 -9999 -9999 -9999 -9999
660 674 673 659 659 657 653 645 626 648 636 621 628 615 611 619 613 617 597 605 599 603 592 599 596 605 588 610 599 613 589 618 610 604 598 606 -9999 -9999 -9999 -9999 -9999 -9999 -9999 -9999 -9999 -9999 -9999 -9999 -9999 -9999 -9999 -9999 -9999 -9999 -9999 -9999 -9999 -9999 -9999 -9999 -9999 -9999 -9999 -9999 -9999 -9999 -9999 -9999 -9999 -9999 -9999 -9999 -9999 -9999 -9999 -9999 -9999 -9999 -9999 -9999 -9999
671 659 665 678 665 659 657 626 642 641 628 618 645 605 624 629 619 618 608 616 624 607 588 599 600 599 606 608 596 597 612 602 596 623 619 626 -9999 -9999 -9999 -9999 -9999 -9999 -9999 -9999 -9999 -9999 -9999 -9999 -9999 -9999 -9999 -9999 -9999 -9999 -9999 -9999 -9999 -9999 -9999 -9999 -9999 -9999 -9999 -9999 -9999 -9999 -9999 -9999 -9999 -9999 -9999 -9999 -9999 -9999 -9999 -9999 -9999 -9999 -9999 -9999 -9999
659 651 642 657 671 670 658 645 656 649 635 647 631 613 618 630 587 618 612 617 612 598 599 607 599 599 603 599 599 605 581 609 595 624 618 636 627 645 613 -9999 -9999 -9999 -9999 -9999 -9999 -9999 -9999 -9999 -9999 -9999 -9999 -9999 -9999 -9999 -9999 -9999 -9999 -9999 -9999 -9999 -9999 -9999 -9999 -9999 -9999 -9999 -9999 -9999 -9999 -9999 -9999 -9999 -9999 -9999 -9999 -9999 -9999 -9999 -9999 -9999 -9999
648 678 690 669 650 666 654 667 658 646 626 624 645 638 614 626 608 626 626 607 605 611 603 602 588 615 590 599 590 588 576 586 589 606 613 611 599 614 602 -9999 -9999 -9999 -9999 -9999 -9999 -9999 -9999 -9999 -9999 -9999 -9999 -9999 -9999 -9999 -9999 -9999 -9999 -9999 -9999 -9999 -9999 -9999 -9999 -9999 -9999 -9999 -9999 -9999 -9999 -9999 -9999 -9999 -9999 -9999 -9999 -9999 -9999 -9999 -9999 -9999 -9999
661 655 656 657 658 665 673 664 659 658 639 624 640 639 621 620 630 614 620 603 592 614 588 607 596 588 588 582 598 603 591 608 580 602 616 635 614 609 609 601 -9999 -9999 -9999 -9999 -9999 -9999 -9999 -9999 -9999 -9999 -9999 -9999 -9999 -9999 -9999 -9999 -9999 -9999 -9999 -9999 -9999 -9999 -9999 -9999 -9999 -9999 -9999 -9999 -9999 -9999 -9999 -9999 -9999 -9999 -9999 -9999 -9999 -9999 -9999 -9999 -9999
669 669 676 657 663 671 671 665 648 659 636 633 647 639 634 616 621 617 600 613 596 602 608 601 590 571 571 566 594 579 580 581 586 574 602 603 597 604 597 596 565 570 596 596 -9999 -9999 -9999 -9999 -9999 -9999 -9999 -9999 -9999 -9999 -9999 -9999 -9999 -9999 -9999 -9999 -9999 -9999 -9999 -9999 -9999 -9999 -9999 -9999 -9999 -9999 -9999 -9999 -9999 -9999 -9999 -9999 -9999 -9999 -9999 -9999 -9999
663 670 649 662 647 661 660 648 635 657 654 653 626 628 634 638 600 600 599 624 599 596 606 595 588 587 561 556 545 554 566 561 556 548 561 586 584 557 570 591 569 563 578 608 577 565 -9999 -9999 -9999 -9999 -9999 -9999 -9999 -9999 -9999 -9999 -9999 -9999 -9999 -9999 -9999 -9999 -9999 -9999 -9999 -9999 -9999 -9999 -9999 -9999 -9999 -9999 -9999 -9999 -9999 -9999 -9999 -9999 -9999 -9999 -9999
654 639 649 656 663 662 679 655 665 652 650 629 641 656 637 623 615 613 595 615 608 598 595 567 566 563 552 552 533 550 511 525 537 536 534 547 561 545 547 538 541 572 571 568 568 571 -9999 -9999 -9999 -9999 -9999 -9999 -9999 -9999 -9999 -9999 -9999 -9999 -9999 -9999 -9999 -9999 -9999 -9999 -9999 -9999 -9999 -9999 -9999 -9999 -9999 -9999 -9999 -9999 -9999 -9999 -9999 -9999 -9999 -9999 -9999
655 663 653 664 653 679 679 665 652 665 665 652 634 634 640 637 624 625 615 602 585 604 571 575 575 552 541 518 524 508 507 487 501 520 508 514 516 515 527 515 539 523 550 565 572 578 -9999 507 509 489 486 494 496 499 -9999 -9999 -9999 -9999 -9999 -9999 -9999 -9999 -9999 -9999 -9999 -9999 -9999 -9999 -9999 -9999 -9999 -9999 -9999 -9999 -9999 -9999 -9999 -9999 -9999 -9999 -9999
664 650 671 650 648 650 656 647 656 658 646 649 639 637 638 637 638 604 615 602 570 563 558 554 526 548 547 509 509 485 475 473 472 486 478 484 469 467 480 492 485 505 518 527 526 527 480 461 466 472 471 475 502 496 514 519 548 -9999 -9999 -9999 -9999 -9999 -9999 -9999 -9999 -9999 -9999 -9999 -9999 -9999 -9999 -9999 -9999 -9999 -9999 -9999 -9999 -9999 -9999 -9999 -9999
628 657 650 634 639 634 650 661 663 630 643 657 649 658 658 636 608 611 595 587 576 568 580 556 541 522 508 487 499 486 473 451 435 442 439 447 441 448 449 449 452 465 466 449 485 -9999 438 438 429 433 457 471 501 502 503 537 551 541 539 -9999 -9999 -9999 -9999 -9999 -9999 -9999 -9999 -9999 -9999 -9999 -9999 -9999 -9999 -9999 -9999 -9999 -9999 -9999 -9999 -9999 -9999
641 636 649 633 639 634 633 654 643 644 630 651 639 647 634 622 628 610 596 587 555 554 553 535 542 492 480 487 462 447 438 425 425 409 403 427 407 407 410 410 415 411 413 421 421 382 371 388 399 422 437 466 500 489 517 536 541 548 542 560 563 567 550 -9999 -9999 -9999 -9999 -9999 -9999 -9999 -9999 -9999 -9999 -9999 -9999 -9999 -9999 -9999 -9999 -9999 -9999
641 612 605 641 639 647 649 647 633 640 665 664 664 634 625 628 612 612 597 576 574 577 559 528 506 497 487 462 434 437 407 400 374 386 366 354 362 384 393 382 375 390 361 361 339 352 333 352 355 392 415 435 459 451 480 517 529 507 525 546 550 552 552 570 530 556 556 -9999 -9999 -9999 -9999 -9999 -9999 -9999 -9999 -9999 -9999 -9999 -9999 -9999 -9999
614 620 634 618 624 624 624 625 649 634 657 642 630 630 630 602 592 591 592 593 566 550 523 523 519 506 450 448 429 406 372 366 346 334 346 345 347 348 359 355 352 335 327 303 291 303 317 317 335 375 377 413 446 443 457 492 504 498 508 545 538 534 562 579 560 566 555 497 -9999 -9999 -9999 -9999 -9999 -9999 -9999 -9999 -9999 -9999 -9999 -9999 -9999
622 622 616 634 616 609 625 621 623 623 645 638 606 626 618 621 596 578 576 584 561 566 521 532 492 471 450 431 413 397 361 354 327 315 316 334 328 324 324 330 324 334 291 280 277 253 279 290 323 335 355 379 409 407 450 454 465 470 501 516 538 539 566 579 554 530 524 518 497 -9999 -9999 -9999 -9999 -9999 -9999 -9999 -9999 -9999 -9999 -9999 -9999
612 614 625 611 602 603 615 616 597 628 624 641 630 613 594 608 597 589 571 569 548 557 507 510 482 483 454 408 397 395 357 339 320 317 316 315 320 322 317 303 303 281 289 291 250 262 268 294 309 317 340 359 384 401 409 442 451 463 489 491 511 523 547 559 534 533 507 474 490 -9999 -9999 -9999 -9999 -9999 -9999 -9999 -9999 -9999 -9999 -9999 -9999
603 597 598 603 574 598 601 598 602 605 608 626 649 595 596 571 575 566 562 544 550 530 491 502 473 475 444 415 395 360 355 334 321 304 292 287 297 298 307 292 295 278 263 244 256 266 272 273 309 292 333 344 375 373 400 408 428 449 463 485 499 512 530 530 501 501 486 456 449 439 -9999 -9999 -9999 -9999 -9999 -9999 -9999 -9999 -9999 -9999 -9999
587 603 580 580 591 560 582 599 611 592 590 612 608 592 578 570 571 569 542 546 547 531 501 496 479 449 428 391 385 362 344 327 328 312 320 295 298 275 277 300 281 260 281 280 240 253 268 266 282 296 312 351 359 380 382 417 415 430 450 475 457 478 484 475 475 461 459 447 422 448 -9999 -9999 -9999 -9999 -9999 -9999 -9999 -9999 -9999 -9999 -9999
581 582 584 578 574 581 601 597 601 584 601 596 579 589 584 573 572 553 550 547 554 539 510 491 472 448 426 403 380 368 342 345 314 295 290 311 292 281 293 284 268 265 272 247 255 255 249 267 287 297 293 301 346 349 355 384 400 411 411 457 436 470 471 460 455 430 425 399 394 411 -9999 -9999 -9999 496 494 492 -9999 -9999 -9999 -9999 -9999
580 600 582 587 573 559 587 595 593 582 575 570 569 568 551 562 554 551 538 538 512 501 507 468 481 455 415 413 385 371 358 330 322 320 312 304 297 268 274 287 297 256 281 265 250 251 250 250 272 277 284 322 325 354 356 378 386 403 417 436 436 441 428 433 415 406 384 362 381 418 459 465 489 494 507 496 513 525 528 -9999 -9999
584 597 587 564 532 568 570 582 589 566 560 554 558 539 532 547 542 536 530 522 503 495 482 471 455 442 421 409 388 374 355 348 334 333 312 328 316 290 290 293 275 256 253 247 272 262 277 272 252 273 296 300 325 313 359 366 398 395 409 412 427 432 432 415 413 380 356 325 356 422 440 467 482 495 514 524 531 541 553 550 546
574 575 576 578 568 549 551 571 571 563 551 545 540 544 532 541 532 516 505 492 482 490 482 455 422 446 426 411 421 405 376 372 343 317 327 324 305 309 293 287 284 275 263 241 239 263 254 275 281 281 285 295 314 334 331 348 374 403 394 415 413 427 415 392 388 388 372 365 377 399 435 482 506 509 521 529 548 557 571 562 566
536 564 559 545 555 539 553 560 561 544 554 528 529 523 521 527 504 498 490 494 479 470 449 432 431 441 420 439 426 411 385 375 356 337 335 333 316 306 293 290 291 263 267 267 236 243 267 263 269 283 284 292 316 330 342 357 356 385 403 409 399 409 422 417 404 396 384 377 392 424 457 484 521 525 555 571 572 582 595 591 582
533 543 545 551 539 544 541 542 524 538 531 503 521 507 507 520 511 504 492 479 465 434 435 443 431 430 432 424 442 419 399 375 358 345 342 329 323 323 317 292 284 276 269 275 272 250 236 240 246 269 284 303 307 337 340 355 379 379 407 413 413 407 423 424 427 396 400 398 436 442 487 511 516 535 551 585 605 601 610 618 624
545 517 522 552 531 557 557 531 545 531 532 513 515 488 488 480 488 488 470 449 477 442 450 429 444 439 458 464 451 426 414 406 362 373 342 340 344 322 301 292 286 292 269 287 260 255 256 244 257 272 271 300 321 333 328 354 362 401 411 421 435 421 437 429 437 446 441 454 486 482 490 531 554 585 622 629 630 638 644 659 653
511 515 525 505 507 537 536 527 522 495 502 519 512 512 488 496 481 487 491 467 465 442 442 449 446 473 452 435 433 446 425 401 365 361 348 338 334 327 301 288 290 277 264 271 271 259 237 250 256 269 295 287 312 325 350 362 374 390 411 441 429 450 450 479 451 477 489 483 492 525 529 576 592 609 622 645 666 697 699 690 678
522 504 499 507 519 517 525 516 513 519 504 504 496 475 470 479 481 467 475 446 458 475 469 469 466 471 456 463 443 434 417 390 397 367 356 342 344 325 318 311 317 288 278 270 274 281 278 251 247 269 300 303 296 329 343 371 377 394 410 442 450 463 480 484 499 484 502 522 530 553 586 606 629 657 650 702 713 741 741 754 740
505 502 510 515 509 512 505 511 497 516 517 494 483 472 486 466 463 460 468 469 438 461 447 468 461 458 447 455 438 426 423 395 391 376 356 344 335 368 344 316 306 284 259 275 265 274 262 278 274 275 290 286 309 332 348 376 393 421 432 421 454 479 510 504 496 528 545 551 578 606 620 633 672 685 727 739 755 777 815 806 798
504 502 512 507 502 512 513 507 507 495 482 490 480 465 471 458 471 447 460 455 446 449 463 473 476 460 475 446 440 419 415 404 391 377 380 362 352 359 352 317 314 306 293 275 265 272 262 268 280 273 296 307 325 335 364 406 406 421 444 462 460 474 507 539 524 554 553 588 599 636 647 659 689 717 760 784 794 853 853 886 868
501 499 505 497 496 520 517 493 509 497 492 479 491 466 459 444 451 447 453 444 444 444 449 452 449 449 444 412 421 413 399 382 377 385 362 370 352 340 338 316 298 298 287 259 256 260 272 275 290 269 298 311 325 365 351 377 407 417 445 482 504 516 513 531 539 578 606 607 636 640 684 724 753 753 777 811 834 882 890 907 936
486 494 517 522 525 508 504 497 505 494 476 481 472 460 458 456 458 447 444 460 452 423 449 435 444 433 436 423 409 402 382 417 379 391 366 362 358 329 320 315 317 281 284 273 275 270 256 255 264 272 281 300 330 337 371 387 417 457 470 486 493 530 552 557 594 610 609 638 664 687 748 736 766 820 818 854 873 910 940 967 966
486 515 507 512 516 502 502 497 485 473 477 484 484 446 458 448 429 441 433 431 437 428 442 437 437 425 419 409 397 367 401 382 368 377 350 338 333 321 321 309 307 297 273 282 257 253 254 269 280 276 298 300 333 370 375 393 437 444 469 501 524 539 557 569 599 618 638 676 699 741 760 780 803 825 852 887 913 937 980 1011 1018
517 524 519 524 519 497 497 496 496 489 466 452 446 430 453 446 433 428 432 431 431 423 423 406 414 395 395 378 377 387 387 359 371 373 355 345 317 309 298 306 288 288 281 277 269 262 251 257 274 289 301 331 333 379 381 432 461 448 483 501 530 551 580 614 644 651 693 712 770 750 790 804 853 854 896 922 932 977 1016 1056 1055
502 492 518 501 486 497 497 493 482 462 473 437 439 469 439 436 425 413 413 425 409 423 409 415 398 386 386 386 361 361 364 364 359 339 352 324 314 319 319 304 287 273 289 274 269 257 262 265 260 301 293 333 359 375 405 440 450 471 509 515 558 569 588 618 661 703 734 743 766 807 828 838 852 882 919 943 960 988 1016 1061 1075
492 492 501 502 497 484 485 471 471 463 462 463 435 425 425 415 399 399 413 390 400 390 395 393 371 372 373 386 355 354 340 335 345 341 347 326 320 318 304 312 291 307 296 261 277 281 262 277 284 293 298 333 352 382 402 428 464 484 524 549 559 615 625 668 678 727 753 760 780 813 843 862 884 916 941 961 989 991 1005 1050 1051
