layers/bio4_SA.asc
ncols        300
nrows        420
xllcorner    -83.000000000000
yllcorner    -57.000000000000
cellsize     0.166666666667
NODATA_value  -9999
[rows 72 to 107 of 420, columns 81 to 161 of 300]
454 450 450 449 444 447 424 430 405 418 409 407 399 426 393 399 393 399 380 375 367 344 365 375 367 362 350 350 350 335 358 393 362 358 361 337 326 335 373 348 352 364 356 399 394 374 402 402 437 446 466 442 435 437 449 477 463 472 492 497 491 528 504 521 520 549 569 577 580 597 605 604 630 642 655 663 677 698 688 686 683
435 461 430 432 438 424 421 423 416 413 409 409 415 399 404 399 399 409 409 380 368 362 358 335 335 386 365 375 362 346 366 371 375 340 340 355 344 344 357 375 361 377 380 384 378 382 387 399 419 429 426 403 415 417 424 457 447 479 487 473 504 512 512 520 525 539 557 562 582 588 603 629 618 616 640 643 656 670 677 673 681
452 429 430 426 414 422 421 405 428 411 409 430 428 408 427 422 411 407 391 411 396 388 366 367 330 344 359 356 359 359 347 349 358 343 335 342 335 351 369 361 366 373 373 362 359 380 386 405 419 399 402 386 397 431 448 449 446 452 461 487 490 514 513 503 536 520 549 551 574 602 592 617 625 616 635 656 658 649 669 654 668
423 433 433 421 435 418 408 419 404 404 405 437 431 437 437 413 413 407 417 395 375 375 357 352 337 352 351 340 366 346 330 338 340 346 353 315 330 327 363 370 352 350 335 344 351 373 384 394 386 402 388 382 403 422 442 438 433 430 469 454 477 496 496 491 508 525 544 549 568 575 604 588 612 619 643 641 659 656 642 666 658
436 435 412 407 405 407 415 403 426 421 435 435 435 437 437 431 429 429 404 412 379 380 375 382 354 367 365 348 350 356 333 317 327 361 345 328 336 325 342 342 348 313 337 348 354 361 384 352 366 382 377 382 395 417 417 411 424 439 461 461 473 472 496 498 522 533 522 544 545 584 578 595 593 620 617 654 646 643 655 664 664
440 435 395 413 421 409 415 397 415 433 433 440 461 451 467 449 442 428 435 406 388 389 369 375 383 356 348 343 337 356 342 345 324 333 333 329 332 323 312 344 328 340 345 335 382 362 334 327 343 363 388 372 380 379 391 409 413 440 454 457 470 484 484 494 499 522 511 536 548 566 559 582 593 607 626 604 618 647 647 657 655
445 411 402 415 415 413 417 417 393 414 423 440 444 462 486 449 435 428 418 408 390 378 401 365 368 356 370 359 320 330 352 346 344 324 341 323 323 320 323 310 334 323 336 336 363 331 324 329 333 348 356 367 388 391 380 370 413 427 436 434 442 440 463 491 496 514 529 536 557 563 587 586 585 596 614 604 619 625 655 652 656
437 400 401 418 409 387 394 403 411 417 423 437 461 448 480 449 435 437 423 406 395 399 376 384 388 344 323 362 339 344 325 314 314 330 331 335 315 348 320 290 302 337 333 327 340 332 321 323 341 363 354 384 364 377 371 411 410 418 436 444 460 453 474 476 486 507 525 533 545 561 562 569 588 596 588 610 618 634 640 639 655
423 394 383 415 428 411 406 411 441 403 411 441 434 465 453 472 435 431 405 417 390 403 384 347 354 382 354 341 328 330 337 316 301 320 311 329 329 329 329 328 315 337 324 301 322 324 307 325 330 355 352 345 355 367 383 409 413 426 429 448 448 452 458 467 486 508 516 520 521 554 573 560 596 610 611 617 618 638 634 632 646
394 402 376 413 397 420 429 423 409 405 425 446 415 441 453 442 423 423 421 399 374 362 384 360 350 374 330 348 339 330 324 301 327 325 315 312 319 324 320 330 320 304 296 297 320 306 301 309 336 359 345 332 342 370 394 394 403 421 427 437 441 436 455 480 475 502 512 525 533 530 545 566 595 595 602 609 624 630 625 661 643
423 403 403 415 387 411 401 411 399 412 423 443 439 433 439 425 429 407 419 399 386 371 395 377 343 344 328 351 324 336 325 286 306 329 298 287 322 327 311 308 319 320 291 292 317 297 297 312 333 343 322 349 359 386 407 385 413 401 411 431 443 461 442 471 476 489 504 501 526 544 559 552 573 587 587 589 634 634 603 633 638
414 409 403 399 414 407 395 397 392 433 433 412 422 413 411 416 417 397 397 409 390 361 366 357 343 315 333 349 323 323 316 286 309 310 324 304 304 306 329 330 320 312 311 327 300 315 305 330 335 324 334 340 367 369 372 396 403 409 421 427 438 453 468 468 481 492 499 501 525 561 530 561 575 583 591 612 603 612 633 641 646
422 401 399 399 406 427 397 401 407 407 411 406 403 406 417 413 405 401 399 397 366 354 373 364 347 315 320 342 327 328 320 285 315 303 320 306 291 297 313 319 293 307 296 292 330 319 329 330 350 317 334 348 362 372 388 376 398 409 407 435 442 432 463 461 477 502 502 524 524 547 545 578 577 591 591 605 611 605 598 622 625
409 402 396 378 409 403 403 402 418 393 398 429 413 402 405 401 409 395 400 377 381 354 390 366 327 344 316 309 325 342 325 313 278 286 304 320 298 298 300 300 303 300 295 317 317 317 310 314 315 335 360 366 359 377 390 395 393 418 427 420 431 447 461 460 481 489 481 531 527 539 528 563 571 585 578 592 600 606 613 612 620
405 379 381 386 370 375 394 402 388 403 397 395 397 399 399 408 381 395 390 366 348 384 377 365 348 333 315 314 306 304 309 317 306 278 329 290 298 298 312 324 279 296 312 327 315 310 328 323 330 337 344 364 359 372 379 395 409 395 403 409 426 446 460 455 473 481 497 513 505 526 526 547 563 579 591 606 586 600 614 606 623
392 402 400 365 382 386 384 407 392 392 402 398 398 379 386 403 403 390 375 382 375 373 350 359 351 325 328 307 317 324 322 309 309 296 293 309 275 293 293 314 292 323 325 290 311 296 322 315 320 327 347 369 372 380 379 399 384 400 423 427 423 447 454 470 471 490 490 506 512 517 541 548 574 579 589 618 613 607 616 622 620
380 393 377 379 364 368 377 382 408 377 404 377 385 374 389 389 386 393 368 375 362 359 368 362 334 338 336 323 314 340 317 316 293 304 321 307 316 306 325 325 309 300 315 278 318 325 330 327 335 364 371 382 358 380 397 377 399 413 423 444 430 433 447 470 477 497 494 502 530 510 546 553 553 568 582 574 603 606 591 614 610
393 395 385 396 395 398 395 377 377 364 364 369 389 393 385 387 386 399 383 386 383 363 382 356 361 343 325 309 324 330 306 298 290 292 288 319 303 296 303 306 298 301 311 309 330 325 338 337 329 368 368 366 386 361 378 385 400 410 433 437 441 439 447 463 484 491 480 496 503 506 541 563 571 578 583 589 612 589 606 613 603
382 387 371 382 380 390 347 366 342 357 377 400 392 375 364 375 391 383 375 357 367 356 355 344 356 342 334 315 309 312 296 302 287 275 287 313 323 301 301 306 311 283 317 335 348 323 321 327 357 370 368 386 376 394 405 419 429 424 420 432 435 450 433 442 457 457 486 504 521 524 533 516 542 566 587 571 604 593 592 588 602
374 380 366 385 369 375 347 375 384 388 385 377 377 376 384 400 393 375 371 403 393 368 350 344 340 343 328 323 309 301 300 302 278 278 286 318 301 283 295 317 328 333 340 334 332 317 335 366 366 380 390 377 379 383 419 417 427 447 440 460 437 446 442 435 454 466 489 500 506 499 510 530 562 575 586 592 599 598 592 586 610
387 385 362 374 374 375 374 374 392 394 364 370 368 384 384 384 380 373 382 389 400 380 371 343 343 335 316 317 314 310 296 285 292 302 304 323 313 301 316 328 349 332 332 317 328 343 348 348 377 377 362 381 402 419 427 434 421 426 448 446 451 443 452 442 455 459 468 479 481 499 525 510 548 551 572 597 599 598 584 591 580
374 374 374 348 374 381 371 383 385 382 350 344 368 375 357 359 368 373 396 391 391 380 333 347 345 308 309 309 306 315 318 323 303 316 311 327 325 332 312 326 322 333 334 325 350 348 377 381 380 377 371 402 387 413 443 429 450 443 448 436 430 433 464 445 431 447 457 482 472 502 526 519 512 574 578 599 607 599 569 560 582
360 351 358 356 357 336 354 368 344 335 343 344 373 357 352 381 356 373 384 374 370 355 332 338 320 315 309 304 315 315 320 320 328 321 320 321 324 321 332 324 330 327 335 360 365 357 380 366 364 369 402 397 420 420 437 429 450 460 448 442 437 427 442 405 419 415 427 460 488 469 509 522 504 542 549 571 581 581 557 553 564
378 352 338 342 329 344 328 346 335 338 345 352 345 352 359 352 387 374 358 362 371 364 344 330 303 306 286 286 301 300 309 316 320 306 334 335 335 327 345 341 362 364 357 341 377 377 380 369 366 393 397 401 427 421 457 457 458 466 448 444 432 434 413 429 397 425 431 441 467 480 473 489 505 522 536 536 548 554 542 541 558
375 349 375 344 332 346 345 333 339 339 325 366 360 364 344 359 375 350 363 357 348 352 334 315 309 304 291 275 284 301 314 307 330 327 338 332 356 357 354 357 357 374 354 354 364 384 380 384 383 388 391 402 412 423 454 471 437 458 442 429 416 422 415 439 403 431 423 441 455 439 454 472 508 509 529 529 529 527 522 542 530
354 343 373 338 335 327 334 338 338 335 360 347 339 346 342 362 358 359 343 351 344 332 318 307 306 284 275 277 260 278 300 307 298 324 327 337 361 364 359 368 360 360 359 357 374 382 379 382 388 405 402 413 407 396 435 466 453 437 442 430 413 430 410 431 442 436 415 406 433 459 449 491 484 491 511 512 517 512 524 519 507
351 366 342 336 336 333 333 340 356 350 360 342 338 348 347 341 349 359 344 354 350 334 320 320 308 300 275 273 269 300 306 291 310 337 334 351 355 368 380 362 370 349 348 393 384 377 377 388 388 375 403 417 419 408 415 439 437 429 424 419 432 408 407 435 431 431 403 433 413 449 454 487 494 494 493 494 503 510 509 512 517
352 340 338 348 336 328 345 329 337 351 340 339 327 330 318 337 317 337 349 317 334 325 325 318 307 292 271 267 291 285 298 298 327 319 339 345 365 359 370 373 367 363 382 379 387 362 382 394 379 368 402 399 416 404 431 419 416 423 450 427 415 418 411 428 421 417 415 423 416 440 433 441 469 461 483 483 508 501 517 523 509
353 340 324 325 329 325 319 319 312 315 342 325 322 313 325 304 310 323 340 340 339 322 330 312 316 306 293 269 265 270 294 293 312 312 343 345 359 377 380 369 388 386 372 384 372 358 371 386 368 379 383 399 407 408 428 431 442 427 426 422 399 427 411 400 403 418 397 411 409 434 457 457 447 483 492 482 501 491 477 512 497
334 339 334 343 336 316 320 334 331 327 327 325 334 334 317 318 324 311 314 327 328 328 330 310 307 315 291 266 259 278 292 279 335 333 342 350 373 399 406 400 368 377 397 377 355 377 388 379 375 376 386 388 395 392 400 409 415 417 411 413 433 406 402 408 392 423 419 410 437 421 432 439 453 462 454 481 480 459 492 488 498
337 325 329 328 306 301 323 322 334 327 334 330 324 327 344 343 327 329 320 317 304 327 304 290 307 287 284 281 272 285 311 313 291 312 332 342 369 399 400 402 384 387 377 360 365 357 384 399 410 371 405 396 397 382 388 391 422 411 417 402 415 411 419 421 407 421 420 419 439 425 436 436 467 447 455 481 473 479 486 474 476
335 322 321 320 321 319 313 345 319 310 313 339 317 341 333 317 316 327 301 300 351 297 315 300 287 253 256 270 292 284 286 281 261 275 307 328 362 373 387 386 372 373 384 364 352 355 375 399 366 377 371 395 388 411 400 382 396 401 398 400 407 396 405 388 403 412 390 419 421 431 429 431 444 431 461 467 460 472 478 457 486
312 329 320 314 311 330 330 315 337 334 317 325 322 317 308 342 332 322 326 306 330 312 301 301 272 292 301 281 266 240 260 281 284 284 302 326 320 344 351 362 367 380 381 372 359 366 381 379 368 388 388 390 407 392 390 398 395 414 395 385 377 374 391 390 402 377 393 409 408 417 415 429 417 452 459 454 462 490 477 491 488
318 326 335 332 315 314 319 332 330 335 325 320 338 330 345 328 323 323 301 313 323 314 301 294 269 260 275 295 284 253 272 268 290 287 335 315 300 323 328 335 358 374 367 367 361 350 377 366 375 368 372 377 395 396 394 390 390 385 373 373 386 394 388 377 388 405 399 426 413 409 399 423 441 448 436 459 471 466 445 473 492
318 312 319 314 328 308 314 336 315 309 325 323 320 318 335 336 339 314 300 318 314 301 288 288 290 247 269 290 284 279 292 272 303 308 287 304 318 301 310 322 317 347 368 357 361 363 382 402 399 372 377 377 386 392 399 387 373 390 376 403 390 390 401 397 399 388 409 403 385 404 410 425 433 425 442 455 454 466 463 491 494
338 317 317 327 336 329 316 336 317 318 319 325 330 313 339 346 359 334 301 306 315 315 288 295 295 279 253 259 265 281 293 290 292 275 287 296 284 309 306 293 334 329 343 369 379 352 357 393 398 412 390 379 387 395 392 408 387 382 375 413 407 382 397 393 383 408 394 377 409 409 417 425 430 417 452 452 443 444 478 462 480
