layers/bio4_SA.asc
ncols        300
nrows        420
xllcorner    -83.000000000000
yllcorner    -57.000000000000
cellsize     0.166666666667
NODATA_value  -9999
[rows 252 to 287 of 420, columns 81 to 161 of 300]
2767 2903 3068 2992 3538 3549 4516 5150 4810 3650 3721 5100 5770 4883 5210 5455 5660 5943 5869 5806 5754 5670 5574 5349 5348 5312 5222 5155 5126 5083 5035 4999 4955 4918 4884 4884 4887 4893 4879 4872 4841 4845 4795 4765 4754 4702 4668 4630 4568 4552 4529 4488 4431 4428 4386 4354 4333 4303 4295 4283 4318 4331 4327 4330 4312 4326 4341 4361 4380 4359 4339 4316 4302 4270 4250 4213 4199 4200 4168 4133 4121
2865 2997 3144 3207 4210 4512 4581 5250 5111 4459 4501 5557 5850 5375 5533 5514 5967 5946 5854 5774 5696 5618 5549 5381 5355 5286 5214 5154 5100 5062 4992 4964 4892 4841 4815 4812 4841 4865 4863 4834 4833 4835 4793 4767 4727 4715 4669 4631 4595 4556 4523 4471 4456 4422 4388 4357 4346 4327 4329 4317 4335 4351 4357 4353 4340 4370 4382 4397 4416 4403 4366 4343 4323 4310 4275 4275 4235 4213 4193 4161 4135
2963 3204 3279 3410 4437 5065 4879 5402 5409 5269 4864 5554 5879 5789 5287 5825 5975 5894 5827 5741 5648 5557 5496 5409 5346 5253 5181 5124 5059 5049 4968 4911 4819 4739 4727 4746 4821 4826 4821 4787 4799 4787 4774 4763 4722 4701 4662 4626 4612 4581 4540 4505 4469 4430 4392 4371 4363 4356 4335 4339 4364 4357 4393 4385 4384 4405 4418 4432 4425 4418 4403 4387 4346 4338 4320 4284 4267 4256 4228 4197 4172
2830 3419 3262 3452 4240 5257 5370 5539 5575 5465 5066 5072 5891 5909 5513 5913 5923 5844 5773 5683 5590 5477 5440 5377 5292 5224 5149 5089 5033 4996 4936 4837 4749 4653 4656 4692 4768 4785 4772 4804 4780 4768 4774 4739 4722 4699 4662 4645 4614 4558 4534 4505 4489 4433 4420 4355 4367 4358 4359 4383 4379 4415 4418 4435 4421 4417 4446 4428 4464 4447 4436 4409 4372 4377 4347 4318 4289 4272 4263 4238 4207
2974 3452 3646 3551 4112 4842 5604 5603 5650 5554 5364 4946 5507 5898 5621 5881 5841 5783 5690 5592 5520 5404 5370 5307 5260 5174 5109 5037 4974 4935 4864 4769 4627 4562 4579 4652 4726 4743 4754 4756 4753 4751 4745 4739 4702 4706 4673 4620 4611 4582 4562 4514 4483 4447 4414 4401 4374 4376 4389 4392 4402 4407 4417 4430 4448 4446 4449 4441 4453 4429 4449 4444 4393 4386 4364 4328 4320 4308 4302 4261 4243
3464 4046 4122 3740 4600 4967 5702 5816 5647 5577 5514 5190 5393 5798 5843 5822 5773 5691 5589 5527 5421 5336 5298 5252 5207 5119 5059 5019 4932 4862 4781 4599 4492 4510 4584 4639 4686 4710 4718 4714 4730 4742 4708 4705 4703 4682 4672 4651 4615 4595 4557 4534 4503 4470 4456 4431 4409 4424 4413 4399 4424 4426 4445 4451 4467 4472 4475 4479 4479 4448 4478 4441 4418 4417 4378 4347 4332 4327 4322 4302 4266
3793 4423 4642 4205 5342 5557 5804 5928 5794 5634 5621 5603 5736 5721 5835 5778 5704 5592 5504 5404 5369 5293 5255 5219 5140 5090 5000 4973 4883 4810 4682 4457 4421 4435 4540 4590 4658 4674 4694 4689 4689 4712 4704 4730 4690 4684 4671 4636 4623 4589 4566 4528 4532 4510 4480 4474 4454 4457 4422 4429 4443 4448 4463 4463 4497 4520 4500 4502 4498 4495 4495 4455 4449 4438 4399 4397 4379 4362 4355 4333 4285
3951 4517 4794 4817 5635 5778 5917 5996 5982 5609 5664 5786 5809 5806 5775 5715 5643 5508 5399 5311 5281 5247 5222 5146 5087 5018 4961 4883 4820 4711 4563 4346 4344 4398 4483 4559 4610 4622 4646 4661 4685 4692 4696 4701 4688 4688 4657 4644 4623 4587 4584 4545 4530 4525 4507 4493 4476 4498 4450 4448 4479 4499 4484 4485 4504 4527 4537 4529 4526 4535 4496 4487 4495 4479 4431 4431 4419 4401 4398 4381 4351
4027 4494 4352 4460 5703 5883 5976 6057 6062 5937 5457 5862 5831 5793 5748 5679 5582 5458 5292 5218 5218 5181 5181 5106 5045 4982 4885 4793 4687 4522 4362 4230 4261 4347 4443 4523 4574 4607 4621 4641 4672 4706 4694 4700 4686 4671 4668 4660 4625 4607 4602 4582 4562 4537 4545 4504 4518 4510 4502 4513 4500 4504 4515 4520 4541 4549 4552 4538 4560 4545 4535 4518 4509 4491 4479 4453 4430 4442 4434 4427 4378
4037 4388 4185 4599 5680 6007 6063 6106 6102 6063 5546 5832 5868 5826 5741 5652 5571 5406 5269 5231 5187 5157 5130 5089 5009 4910 4817 4697 4562 4346 4190 4117 4170 4299 4381 4483 4547 4594 4642 4648 4653 4686 4668 4699 4690 4652 4665 4653 4625 4620 4603 4588 4585 4566 4547 4549 4550 4531 4517 4516 4499 4524 4540 4584 4569 4571 4573 4582 4579 4583 4566 4576 4539 4531 4508 4492 4484 4480 4465 4461 4423
4118 4240 4298 5100 5461 6025 6081 6137 6137 6097 5770 5601 5788 5830 5756 5655 5541 5331 5279 5214 5202 5172 5128 5073 4981 4856 4749 4645 4484 4262 4158 4001 4043 4236 4367 4452 4533 4572 4617 4631 4666 4667 4704 4710 4690 4691 4653 4642 4636 4631 4596 4598 4586 4586 4574 4576 4579 4587 4574 4537 4542 4561 4590 4579 4597 4588 4615 4610 4592 4617 4605 4590 4565 4531 4545 4526 4504 4498 4493 4491 4445
4321 4147 4158 5121 5452 6008 6111 6186 6160 6138 6068 5623 5466 5832 5761 5641 5494 5299 5270 5244 5218 5186 5124 5071 4916 4761 4721 4533 4390 4243 4180 3900 4019 4247 4337 4456 4506 4542 4588 4638 4670 4689 4715 4723 4723 4704 4665 4643 4633 4653 4643 4631 4591 4584 4597 4583 4594 4608 4604 4593 4566 4611 4614 4605 4612 4600 4620 4635 4626 4643 4623 4616 4601 4585 4560 4564 4540 4513 4529 4518 4475
4554 4196 4294 4747 5589 6014 6196 6220 6056 5610 6023 5854 5256 5794 5780 5653 5491 5334 5313 5294 5247 5232 5148 5097 4880 4741 4658 4504 4369 4271 4163 3985 4135 4287 4404 4460 4517 4567 4592 4622 4684 4718 4733 4770 4755 4716 4679 4630 4628 4649 4653 4629 4611 4599 4613 4610 4633 4615 4612 4607 4625 4624 4634 4637 4643 4627 4624 4633 4645 4664 4649 4630 4622 4595 4600 4584 4578 4547 4530 4499 4483
4807 4699 4835 4653 5735 5952 6250 6263 5791 4831 5890 5933 5584 5839 5803 5692 5555 5428 5378 5304 5270 5258 5167 5105 4893 4734 4659 4481 4376 4353 4286 4316 4356 4382 4417 4455 4526 4568 4625 4669 4707 4740 4764 4806 4800 4776 4709 4672 4649 4649 4686 4677 4635 4604 4597 4618 4635 4633 4649 4657 4657 4673 4679 4683 4640 4645 4631 4625 4615 4633 4629 4630 4607 4613 4611 4605 4605 4578 4555 4541 4495
4802 4101 4828 5100 6010 6241 6343 6237 5436 5128 6035 6009 5893 5886 5820 5716 5617 5505 5401 5357 5313 5266 5199 5122 4947 4760 4657 4468 4395 4467 4500 4573 4513 4485 4466 4498 4549 4578 4647 4693 4739 4760 4802 4831 4841 4794 4735 4708 4669 4676 4679 4704 4634 4609 4594 4635 4628 4648 4687 4700 4673 4713 4721 4708 4684 4670 4637 4610 4570 4562 4576 4603 4599 4584 4611 4611 4636 4611 4598 4581 4548
4631 4177 4410 5161 5902 6319 6318 6171 5599 5755 6082 6014 5931 5885 5832 5726 5639 5552 5434 5351 5337 5303 5223 5179 5083 4812 4718 4510 4420 4515 4614 4632 4582 4510 4517 4551 4574 4607 4665 4713 4738 4771 4812 4837 4814 4805 4754 4728 4709 4688 4678 4659 4602 4604 4618 4620 4650 4665 4679 4692 4722 4743 4764 4750 4712 4665 4646 4630 4586 4560 4585 4598 4604 4598 4602 4621 4641 4644 4621 4588 4585
4500 4253 4153 4658 5394 6161 6299 6246 6137 6064 6080 6033 5931 5874 5814 5742 5665 5577 5465 5379 5379 5306 5250 5185 5111 4966 4803 4593 4467 4600 4702 4699 4652 4600 4596 4614 4636 4648 4710 4742 4776 4808 4831 4861 4840 4817 4756 4748 4707 4684 4684 4648 4627 4616 4615 4657 4680 4693 4696 4702 4742 4770 4804 4776 4754 4730 4684 4652 4621 4599 4587 4612 4623 4624 4622 4644 4643 4630 4620 4615 4626
4441 4265 4212 4696 5523 6182 6235 6218 6179 6097 6041 5992 5937 5844 5767 5732 5656 5592 5496 5423 5392 5323 5239 5183 5131 5071 4946 4574 4591 4661 4697 4736 4721 4696 4688 4661 4706 4698 4743 4777 4797 4830 4838 4843 4820 4804 4774 4727 4722 4698 4652 4649 4630 4647 4685 4684 4703 4699 4696 4719 4747 4807 4802 4788 4761 4718 4709 4669 4628 4613 4595 4601 4630 4622 4656 4640 4640 4640 4649 4634 4623
4325 4370 4375 4960 5671 6156 6189 6177 6137 6103 6052 5989 5933 5848 5752 5711 5668 5608 5497 5419 5389 5323 5260 5203 5136 5074 4956 4588 4710 4763 4710 4799 4811 4779 4715 4713 4727 4751 4782 4818 4843 4852 4875 4858 4838 4808 4769 4738 4713 4686 4654 4647 4639 4637 4673 4683 4681 4677 4700 4723 4762 4780 4790 4777 4751 4742 4708 4687 4654 4647 4634 4616 4656 4662 4661 4664 4678 4678 4664 4612 4617
4347 4402 4403 5038 5926 6092 6116 6120 6094 6077 6035 5991 5927 5860 5746 5686 5666 5600 5497 5406 5362 5291 5228 5154 5087 5038 4961 4602 4726 4783 4779 4809 4816 4828 4760 4748 4759 4769 4803 4841 4867 4874 4865 4885 4834 4794 4780 4757 4724 4667 4635 4615 4597 4619 4645 4643 4645 4657 4670 4709 4737 4751 4759 4742 4739 4718 4717 4707 4695 4644 4642 4638 4663 4669 4669 4693 4682 4683 4668 4649 4611
4359 4391 4421 4884 5903 6030 6047 6074 6049 6043 6008 5962 5916 5848 5752 5670 5652 5571 5488 5412 5336 5151 5105 5075 5071 5024 4962 4679 4734 4778 4747 4745 4798 4804 4788 4793 4798 4809 4822 4836 4883 4936 4897 4867 4852 4794 4778 4744 4725 4678 4622 4589 4582 4611 4619 4620 4641 4646 4679 4669 4698 4699 4717 4734 4747 4739 4742 4725 4693 4659 4638 4651 4679 4679 4707 4682 4696 4686 4695 4663 4629
4402 4433 4437 5328 5798 5967 5996 6012 6026 6010 6006 5951 5900 5865 5740 5638 5620 5564 5469 5360 5247 5058 5092 5078 5056 5023 4969 4732 4750 4760 4734 4729 4764 4796 4810 4796 4824 4829 4846 4834 4893 4901 4900 4862 4868 4803 4782 4740 4733 4690 4638 4593 4593 4607 4629 4599 4618 4626 4628 4645 4641 4670 4675 4692 4722 4734 4722 4704 4700 4671 4682 4692 4681 4687 4690 4691 4706 4706 4681 4685 4629
4355 4481 4514 5284 5815 5912 5958 5970 5981 5986 5955 5937 5888 5859 5771 5665 5589 5548 5436 5265 5070 5070 5063 5082 5082 5015 4956 4772 4813 4768 4763 4750 4753 4805 4794 4828 4844 4844 4866 4854 4882 4900 4899 4869 4840 4822 4815 4778 4741 4712 4675 4653 4626 4632 4616 4626 4615 4618 4605 4609 4635 4641 4650 4663 4690 4702 4712 4717 4729 4687 4680 4680 4698 4699 4706 4688 4705 4708 4690 4667 4629
4209 4636 4662 5398 5725 5833 5895 5924 5947 5949 5954 5943 5901 5848 5769 5637 5546 5531 5435 5232 5102 5126 5094 5128 5073 5017 4915 4851 4859 4800 4773 4747 4748 4781 4807 4833 4842 4894 4880 4898 4892 4922 4898 4882 4857 4837 4822 4807 4756 4740 4714 4697 4706 4668 4646 4635 4602 4604 4581 4590 4591 4603 4634 4642 4656 4682 4689 4691 4717 4726 4711 4677 4701 4680 4688 4706 4695 4664 4669 4646 4633
4174 4625 5144 5464 5613 5786 5873 5897 5915 5952 5937 5915 5900 5856 5780 5682 5574 5535 5437 5214 5203 5210 5171 5133 5038 5008 4951 4897 4872 4853 4778 4721 4775 4820 4833 4883 4903 4904 4914 4924 4932 4907 4900 4884 4891 4852 4838 4812 4786 4769 4731 4718 4693 4688 4672 4651 4624 4610 4591 4563 4581 4576 4594 4599 4620 4628 4628 4642 4699 4713 4709 4694 4677 4678 4678 4677 4647 4671 4655 4619 4622
4522 4859 5178 5459 5597 5718 5817 5883 5898 5938 5932 5921 5875 5830 5760 5658 5612 5552 5444 5334 5275 5285 5230 5178 5078 5040 5012 4961 4920 4866 4843 4798 4810 4839 4879 4912 4958 4940 4942 4962 4975 4938 4949 4932 4932 4883 4862 4836 4814 4769 4732 4752 4726 4705 4669 4641 4624 4593 4565 4551 4544 4556 4560 4572 4567 4557 4534 4594 4683 4710 4673 4674 4655 4660 4663 4658 4642 4626 4616 4612 4568
4635 5061 5341 5469 5579 5572 5736 5831 5884 5910 5932 5912 5893 5851 5771 5659 5642 5597 5492 5396 5334 5324 5306 5267 5186 5126 5046 5013 4963 4938 4912 4899 4880 4933 4950 4978 4978 4982 4995 4981 4982 4995 4964 4926 4933 4909 4897 4860 4831 4807 4761 4743 4731 4695 4680 4646 4652 4591 4573 4539 4500 4525 4520 4526 4548 4542 4495 4545 4608 4647 4646 4619 4623 4618 4627 4610 4636 4614 4607 4594 4572
4610 5129 5352 5453 5475 5519 5679 5817 5857 5892 5900 5911 5864 5840 5776 5704 5672 5634 5529 5445 5399 5387 5378 5356 5259 5146 5110 5077 5045 5013 5002 4993 4973 4999 5008 5037 5033 5055 5038 5062 5043 5028 5007 4987 4979 4932 4920 4889 4818 4808 4761 4773 4721 4698 4679 4669 4634 4612 4578 4540 4490 4508 4520 4541 4530 4511 4506 4509 4556 4576 4560 4573 4600 4609 4603 4596 4592 4581 4589 4583 4565
4442 5080 5326 5379 5381 5510 5651 5796 5840 5876 5894 5881 5865 5822 5766 5723 5690 5643 5563 5490 5432 5426 5415 5394 5243 5177 5161 5133 5127 5107 5099 5109 5079 5078 5098 5103 5091 5101 5127 5110 5086 5081 5059 5025 5000 4986 4949 4918 4849 4810 4793 4780 4729 4704 4708 4696 4661 4624 4608 4577 4569 4546 4561 4561 4570 4522 4513 4491 4500 4499 4505 4531 4539 4559 4579 4586 4577 4577 4564 4543 4538
4485 4939 5296 5340 5351 5534 5701 5773 5822 5840 5844 5855 5824 5803 5755 5718 5671 5646 5562 5527 5500 5470 5448 5385 5325 5243 5220 5216 5194 5187 5198 5177 5181 5172 5177 5163 5166 5181 5185 5150 5154 5153 5094 5082 5044 5013 4957 4912 4860 4837 4816 4773 4765 4748 4717 4713 4684 4687 4666 4644 4613 4634 4627 4609 4589 4550 4507 4472 4441 4444 4445 4484 4497 4505 4525 4571 4568 4557 4553 4532 4511
4479 4852 5196 5293 5368 5512 5662 5761 5800 5815 5846 5816 5816 5790 5755 5727 5698 5643 5592 5566 5552 5501 5478 5418 5383 5328 5308 5311 5285 5285 5296 5269 5279 5278 5268 5259 5228 5234 5242 5256 5239 5196 5153 5108 5084 5036 4989 4943 4898 4853 4822 4791 4780 4757 4739 4736 4739 4727 4720 4703 4685 4691 4683 4660 4649 4597 4524 4434 4398 4396 4404 4431 4466 4497 4518 4525 4563 4548 4530 4527 4493
4586 4907 5094 5218 5389 5564 5710 5759 5787 5795 5815 5800 5783 5779 5742 5725 5695 5659 5607 5597 5574 5545 5528 5479 5455 5394 5388 5379 5365 5371 5375 5369 5382 5369 5354 5358 5342 5324 5345 5321 5320 5279 5237 5185 5129 5076 5020 4977 4923 4869 4842 4811 4792 4785 4783 4769 4777 4765 4787 4777 4761 4738 4730 4733 4727 4643 4546 4427 4371 4354 4354 4383 4440 4471 4499 4533 4559 4526 4521 4487 4439
4677 4927 5077 5145 5421 5620 5725 5782 5788 5800 5772 5782 5751 5752 5729 5717 5694 5646 5611 5624 5619 5586 5571 5540 5509 5482 5466 5460 5472 5472 5488 5471 5457 5451 5442 5446 5449 5450 5460 5400 5394 5334 5289 5228 5160 5118 5056 5007 4963 4899 4828 4810 4794 4812 4805 4819 4800 4828 4859 4846 4811 4795 4763 4721 4657 4584 4536 -9999 -9999 4318 4314 4383 4444 4474 4503 4520 4551 4518 4478 4459 4413
4780 5060 5201 5288 5421 5642 5754 5783 5793 5781 5742 5723 5721 5740 5732 5728 5720 5675 5645 5669 5640 5651 5607 5587 5579 5544 5544 5528 5550 5566 5562 5571 5564 5562 5543 5537 5565 5553 5546 5529 5468 5408 5328 5262 5201 5160 5072 5038 4947 4907 4860 4837 4851 4835 4846 4835 4849 4881 4902 4942 4912 4863 4811 4713 4633 4569 4540 4551 -9999 -9999 -9999 -9999 -9999 -9999 4489 4502 4503 4501 4463 4398 4366
4909 5094 5248 5315 5396 5576 5717 5773 5762 5724 5707 5703 5703 5703 5725 5706 5732 5703 5702 5718 5696 5676 5667 5626 5616 5613 5604 5599 5610 5644 5661 5658 5639 5623 5632 5636 5624 5651 5679 5636 5562 5468 5396 5316 5240 5174 5104 5061 5005 4942 4909 4888 4861 4861 4863 4880 4904 4896 4922 4937 4937 4904 4821 4752 4678 4651 4604 4557 4506 4500 -9999 -9999 -9999 -9999 -9999 4509 4477 4476 4416 4363 4330
5039 5184 5316 5405 5442 5540 5626 5742 5726 5706 5662 5650 5664 5700 5723 5726 5726 5747 5740 5743 5732 5697 5705 5699 5666 5675 5658 5675 5665 5684 5711 5710 5695 5676 5697 5717 5739 5752 5773 5716 5620 5535 5430 5348 5252 5207 5128 5073 5039 4958 4947 4912 4896 4905 4916 4898 4922 4942 4942 4941 4917 4883 4843 4780 4747 4706 4663 4589 4564 4538 4500 4514 -9999 -9999 -9999 -9999 -9999 -9999 4386 4348 4283
