layers/bio4_SA.asc
ncols        300
nrows        420
xllcorner    -83.000000000000
yllcorner    -57.000000000000
cellsize     0.166666666667
NODATA_value  -9999
[rows 144 to 179 of 420, columns 81 to 161 of 300]
964 978 1008 1039 1117 1090 1034 985 938 905 903 870 858 848 847 840 832 830 833 833 812 730 700 701 692 712 659 663 633 605 586 594 557 532 545 522 521 519 509 506 499 506 516 515 512 520 533 517 495 512 506 501 495 503 496 511 511 520 516 548 554 557 590 612 620 649 646 669 674 687 720 712 725 722 719 722 733 737 752 753 741
1058 1068 1051 1058 1088 1086 1050 1017 973 931 912 897 883 868 871 867 854 834 855 868 817 748 710 691 685 694 661 652 633 622 592 575 574 558 525 537 535 524 504 499 518 507 520 504 533 525 520 515 497 509 497 492 487 485 499 511 502 521 531 554 585 579 609 633 618 663 680 705 699 723 759 752 763 754 751 777 761 765 785 790 783
1149 1109 1087 1089 1076 1086 1051 1021 1006 968 953 918 910 893 885 873 866 877 852 837 815 784 738 709 693 684 671 640 647 617 621 588 583 560 541 547 524 516 519 511 508 514 521 523 519 517 520 516 500 504 486 489 494 508 510 498 496 514 539 552 591 595 618 651 668 685 703 720 733 754 755 760 797 778 795 788 796 800 806 799 807
1137 1132 1109 1093 1104 1076 1060 1047 1012 978 963 934 938 913 906 881 882 858 837 837 799 799 750 735 704 707 692 672 661 634 612 599 591 579 565 536 536 531 544 503 510 520 514 524 517 530 520 509 529 502 471 486 480 497 506 503 499 540 555 565 578 636 627 675 678 702 733 738 757 776 763 796 812 812 811 826 822 832 848 850 844
1135 1104 1094 1094 1083 1080 1066 1041 1009 988 981 945 931 925 939 904 891 874 854 839 818 790 770 740 731 708 706 678 679 654 620 610 603 596 591 559 570 550 555 530 542 548 527 536 548 545 512 520 533 504 499 502 526 502 490 505 529 551 557 577 602 638 638 684 696 727 746 773 794 795 829 821 859 846 845 859 848 875 883 886 868
1092 1110 1117 1073 1096 1075 1065 1043 1007 1000 985 970 951 931 939 907 880 891 868 847 821 814 783 750 734 715 702 695 684 679 650 635 615 611 610 590 575 581 560 568 578 554 554 546 540 527 524 514 531 536 525 523 517 518 515 525 537 538 567 601 625 651 654 703 718 774 789 788 804 845 852 873 864 871 900 888 889 902 933 920 920
1080 1082 1098 1083 1082 1077 1068 1063 1045 1018 1012 989 959 942 944 897 900 883 877 847 840 806 789 782 760 743 741 718 707 679 674 668 647 643 623 616 633 591 579 575 577 575 574 555 555 536 536 538 544 541 542 538 540 522 528 533 528 554 593 623 657 667 691 741 778 786 802 821 834 864 868 883 910 909 917 926 923 939 959 959 928
1071 1061 1084 1079 1055 1065 1049 1053 1053 1026 1000 977 977 957 939 903 902 865 856 875 819 826 801 808 785 747 765 747 710 702 689 680 689 655 656 656 656 634 616 612 608 607 592 584 575 577 553 546 560 563 561 544 532 547 538 515 541 560 584 637 672 687 712 762 800 825 843 861 876 879 907 921 929 947 959 968 935 945 972 958 943
1048 1036 1031 1068 1070 1069 1062 1059 1056 1032 1025 1007 989 957 948 918 906 906 883 852 832 834 821 812 794 769 786 786 757 751 751 725 714 704 694 688 675 681 671 633 640 646 625 604 625 618 588 582 579 573 566 562 582 566 547 527 559 572 615 668 698 710 749 798 814 851 894 883 896 923 916 948 962 958 994 983 944 930 950 967 950
1043 1041 1044 1071 1075 1079 1060 1052 1055 1047 1035 1023 982 992 955 945 924 904 890 876 853 839 829 828 812 820 822 810 791 795 770 759 743 734 724 716 708 715 711 686 682 667 660 657 654 630 618 618 618 587 613 606 572 566 551 545 545 584 629 668 724 758 780 813 850 894 924 921 945 947 958 950 953 958 967 969 942 923 934 927 939
1061 1070 1070 1055 1079 1071 1077 1079 1072 1078 1035 1048 1023 973 961 959 938 890 895 890 850 867 835 839 850 834 843 844 838 825 805 804 792 792 776 761 735 725 731 739 728 725 706 691 664 675 667 668 653 624 624 629 621 597 575 565 590 614 669 697 729 786 804 844 876 916 961 966 945 936 947 957 960 946 959 956 927 927 911 911 928
1076 1078 1085 1092 1075 1097 1094 1089 1080 1066 1054 1034 1019 1003 988 970 949 939 907 897 863 870 865 844 862 864 899 899 863 851 837 834 834 808 800 797 783 790 773 768 755 751 725 742 721 734 718 697 714 682 690 662 656 625 637 641 640 654 682 721 755 803 839 888 923 928 975 1006 981 974 972 969 958 945 947 916 930 902 909 908 901
1100 1100 1108 1125 1115 1125 1106 1104 1088 1097 1094 1059 1036 1019 993 972 971 934 938 888 898 862 846 855 872 890 930 939 927 906 895 885 875 867 853 843 835 817 811 806 815 793 794 774 785 796 757 769 744 737 745 721 698 676 697 701 679 714 728 762 810 833 863 909 938 972 1005 1007 1028 997 952 964 953 950 931 910 905 890 899 912 899
1090 1106 1111 1135 1131 1140 1121 1115 1103 1105 1069 1072 1058 1032 1020 984 992 958 953 941 909 883 880 867 887 912 925 947 913 921 933 911 910 909 881 879 861 895 854 834 838 825 825 834 842 822 796 802 794 797 786 786 762 751 764 757 752 749 768 802 832 863 891 918 956 983 1005 1012 1015 983 977 955 938 925 906 893 879 888 905 904 910
1109 1116 1132 1143 1155 1170 1163 1154 1148 1126 1119 1092 1060 1049 1022 1026 1000 978 980 956 935 931 898 910 926 930 961 952 929 960 947 951 955 960 944 917 925 943 924 917 907 887 887 862 884 886 892 869 840 851 852 858 846 807 836 810 813 796 807 845 885 904 920 954 958 988 1012 1008 1011 997 962 958 942 912 908 863 878 896 887 891 896
1102 1127 1166 1172 1180 1182 1195 1189 1149 1175 1142 1127 1098 1075 1080 1037 1047 1026 1029 1000 964 950 937 928 941 957 960 998 1002 1012 993 993 1013 989 998 985 988 966 984 963 952 938 938 932 925 945 929 931 899 910 905 888 892 890 881 881 857 851 862 891 917 927 950 980 969 998 1014 1006 990 966 963 965 923 921 912 880 866 881 878 881 893
1115 1135 1161 1153 1182 1207 1211 1195 1207 1193 1165 1155 1107 1104 1087 1071 1059 1099 1078 1063 1040 1023 986 974 985 1005 1026 1038 1047 1065 1052 1059 1058 1058 1046 1015 1031 1043 1023 1031 1028 989 1009 1011 996 977 995 977 979 953 953 903 924 937 950 933 933 925 930 926 945 973 988 997 1022 1010 1019 1021 1005 971 959 936 927 907 888 884 849 869 858 873 882
1132 1139 1145 1179 1184 1184 1238 1228 1237 1240 1213 1179 1153 1121 1139 1114 1143 1159 1138 1143 1135 1110 1109 1072 1083 1092 1104 1112 1129 1130 1122 1119 1106 1098 1116 1092 1091 1104 1105 1066 1080 1056 1069 1074 1048 1038 1043 1046 1026 994 1008 980 953 977 997 987 1003 998 987 991 1009 1013 1008 1037 1028 1032 1041 1016 1014 1002 991 953 913 880 886 857 842 860 861 872 883
1163 1142 1138 1181 1156 1138 1207 1267 1267 1270 1296 1240 1182 1148 1171 1181 1199 1212 1240 1234 1242 1227 1212 1201 1197 1219 1210 1209 1222 1191 1183 1192 1195 1189 1177 1160 1156 1169 1168 1142 1121 1132 1139 1146 1118 1092 1072 1080 1103 1074 1083 1033 1002 1024 1039 1070 1065 1074 1069 1049 1057 1039 1069 1046 1052 1086 1062 1052 1040 1006 1000 981 927 896 869 864 832 858 851 883 900
1243 1132 1134 1120 1157 1242 1204 1224 1296 1321 1334 1326 1225 1215 1232 1256 1289 1291 1325 1345 1354 1346 1357 1366 1353 1330 1297 1287 1311 1281 1288 1272 1253 1264 1235 1226 1228 1227 1237 1216 1199 1195 1202 1193 1165 1167 1162 1170 1133 1156 1127 1109 1061 1071 1100 1121 1123 1110 1127 1097 1067 1085 1101 1084 1093 1095 1100 1078 1072 1044 1008 988 986 940 895 858 830 853 866 882 882
1399 1233 1142 1095 1137 1243 1132 1109 1227 1403 1403 1440 1369 1305 1313 1324 1334 1391 1420 1439 1461 1496 1527 1519 1490 1461 1431 1393 1379 1363 1366 1352 1333 1309 1328 1302 1289 1301 1291 1291 1264 1262 1266 1267 1253 1235 1219 1215 1229 1201 1202 1186 1123 1131 1160 1167 1181 1161 1191 1166 1131 1122 1135 1142 1120 1131 1135 1118 1121 1085 1073 1069 1020 976 924 874 856 835 863 870 895
1519 1445 1249 1094 1195 1142 1150 1069 1246 1378 1477 1506 1434 1425 1390 1381 1442 1453 1506 1552 1598 1653 1677 1695 1658 1590 1517 1480 1482 1462 1460 1422 1420 1424 1387 1395 1380 1380 1371 1371 1339 1356 1336 1316 1318 1330 1273 1284 1269 1264 1251 1249 1188 1177 1196 1216 1241 1229 1199 1242 1198 1167 1200 1181 1180 1172 1175 1162 1162 1167 1144 1118 1072 1017 967 953 897 853 860 913 982
1550 1497 1325 1084 1125 1159 1181 1065 1129 1310 1446 1511 1488 1424 1452 1449 1499 1552 1604 1651 1724 1769 1854 1877 1801 1711 1610 1532 1561 1527 1508 1504 1482 1469 1462 1467 1443 1471 1440 1413 1414 1408 1395 1381 1374 1369 1349 1328 1321 1329 1324 1322 1305 1274 1202 1265 1295 1315 1278 1279 1298 1234 1229 1253 1215 1229 1224 1233 1225 1239 1208 1154 1122 1108 1082 1044 1016 965 1004 1074 1114
1495 1466 1407 1247 1043 1194 1195 1176 1121 1367 1373 1460 1504 1469 1480 1512 1580 1609 1667 1720 1779 1858 1968 2013 1915 1792 1696 1601 1617 1589 1581 1573 1565 1551 1542 1536 1536 1513 1515 1497 1497 1472 1467 1443 1450 1407 1422 1396 1377 1386 1383 1372 1369 1386 1342 1325 1303 1358 1370 1322 1333 1332 1303 1298 1309 1300 1288 1288 1270 1290 1278 1245 1214 1185 1159 1154 1129 1184 1287 1264 1207
1415 1408 1383 1223 1066 1087 1257 1278 1123 1228 1425 1322 1431 1474 1510 1564 1612 1654 1707 1792 1869 1892 1971 1986 1932 1835 1771 1700 1686 1662 1635 1637 1628 1620 1616 1599 1616 1600 1580 1550 1561 1547 1529 1494 1487 1481 1485 1456 1451 1440 1435 1440 1430 1412 1398 1407 1399 1416 1418 1397 1385 1392 1381 1349 1373 1354 1351 1346 1356 1357 1335 1316 1312 1287 1260 1256 1265 1383 1511 1390 1246
1341 1393 1374 1210 1005 1029 1196 1289 1227 1146 1361 1450 1368 1414 1472 1570 1637 1683 1743 1824 1846 1925 1941 1980 1916 1887 1805 1778 1741 1697 1697 1706 1684 1675 1690 1698 1677 1683 1664 1635 1629 1597 1587 1578 1547 1537 1527 1528 1504 1491 1504 1494 1467 1486 1463 1468 1465 1453 1450 1457 1446 1445 1442 1424 1436 1425 1445 1428 1441 1417 1419 1414 1354 1342 1344 1302 1305 1469 1597 1534 1395
1281 1303 1294 1209 1151 1030 1007 1211 1340 1307 1329 1434 1428 1386 1388 1556 1657 1682 1773 1814 1879 1915 1942 1938 1922 1891 1842 1791 1770 1760 1740 1752 1747 1740 1735 1747 1746 1739 1748 1735 1673 1653 1628 1607 1605 1597 1585 1571 1549 1547 1550 1540 1544 1531 1514 1542 1522 1520 1539 1529 1516 1488 1475 1491 1507 1504 1506 1513 1532 1521 1494 1469 1435 1439 1386 1355 1388 1463 1491 1470 1399
1231 1289 1324 1103 997 1216 1035 1044 1234 1336 1316 1243 1408 1456 1339 1384 1617 1704 1746 1819 1872 1898 1914 1938 1921 1905 1882 1860 1825 1801 1789 1783 1803 1789 1810 1796 1819 1829 1826 1801 1743 1696 1684 1662 1648 1639 1619 1605 1613 1577 1594 1598 1578 1579 1569 1580 1566 1571 1577 1545 1552 1538 1555 1582 1589 1578 1607 1598 1587 1598 1579 1568 1532 1479 1419 1406 1460 1458 1465 1434 1374
1217 1292 1379 1461 1171 1387 1264 1126 1109 1213 1272 1251 1188 1332 1471 1393 1462 1688 1775 1799 1861 1897 1917 1904 1918 1925 1882 1875 1852 1837 1847 1829 1829 1845 1846 1853 1861 1877 1886 1857 1778 1729 1704 1706 1689 1683 1681 1649 1627 1635 1641 1648 1636 1634 1654 1634 1637 1643 1618 1608 1550 1593 1615 1610 1619 1637 1657 1652 1647 1679 1676 1628 1592 1501 1479 1506 1448 1457 1442 1420 1400
1237 1334 1448 1575 1648 1590 1499 1364 1024 1111 1132 1247 1121 1296 1256 1469 1454 1611 1770 1825 1862 1913 1917 1910 1922 1932 1895 1887 1873 1883 1898 1883 1874 1867 1881 1885 1898 1891 1878 1851 1806 1750 1757 1729 1721 1744 1713 1707 1692 1687 1689 1693 1688 1678 1700 1666 1694 1683 1668 1674 1600 1629 1680 1662 1680 1695 1712 1709 1728 1739 1748 1749 1638 1589 1593 1534 1516 1505 1458 1456 1451
1238 1397 1570 1701 1803 1807 1601 1523 1249 1108 1119 1091 1069 1164 1318 1419 1468 1475 1688 1823 1904 1904 1897 1904 1923 1932 1922 1889 1904 1911 1905 1911 1905 1925 1909 1926 1934 1911 1878 1843 1758 1744 1738 1742 1754 1762 1737 1719 1721 1721 1707 1716 1708 1735 1736 1736 1733 1740 1721 1702 1647 1707 1739 1724 1724 1745 1768 1773 1776 1803 1833 1760 1655 1681 1639 1608 1591 1544 1516 1497 1516
1401 1497 1667 1814 1948 1982 1834 1590 1498 1221 1136 1137 1120 1215 1256 1341 1434 1504 1560 1739 1857 1909 1917 1919 1911 1896 1924 1911 1931 1924 1933 1927 1950 1956 1948 1941 1948 1944 1898 1840 1771 1724 1738 1741 1769 1772 1770 1767 1748 1745 1751 1742 1770 1754 1772 1770 1768 1779 1779 1782 1770 1784 1779 1790 1792 1805 1810 1816 1837 1834 1852 1783 1736 1732 1704 1637 1604 1580 1555 1530 1516
1613 1691 1826 1934 2055 2146 2203 1760 1571 1492 1266 1218 1195 1266 1210 1247 1429 1514 1539 1619 1816 1894 1907 1932 1918 1924 1932 1927 1944 1947 1964 1965 1985 1971 1993 1993 1985 1972 1935 1902 1864 1801 1805 1789 1747 1769 1788 1771 1772 1773 1786 1779 1804 1802 1816 1831 1828 1855 1829 1856 1823 1835 1851 1842 1846 1854 1833 1853 1849 1869 1847 1791 1795 1746 1739 1678 1656 1636 1585 1580 1587
1752 1862 1995 2075 2118 2236 2372 2155 1665 1620 1561 1414 1364 1384 1351 1266 1433 1427 1551 1553 1714 1844 1921 1912 1899 1924 1969 2001 1972 1991 1987 1988 2007 2017 2039 2025 2006 1993 1972 1925 1910 1867 1825 1801 1759 1798 1803 1809 1803 1794 1803 1811 1815 1831 1847 1880 1880 1892 1894 1897 1904 1895 1884 1887 1884 1886 1866 1870 1881 1895 1854 1835 1827 1789 1758 1704 1670 1658 1641 1625 1611
1896 2018 2148 2233 2205 2175 2359 2280 1978 1776 1639 1570 1591 1507 1479 1387 1496 1259 1337 1660 1613 1789 1901 1944 1938 1946 2003 2020 2017 2003 2008 1998 2035 2056 2063 2082 2077 2053 2003 1955 1905 1878 1877 1821 1824 1814 1821 1813 1830 1837 1839 1847 1852 1879 1905 1921 1933 1962 1939 1947 1935 1945 1922 1922 1922 1913 1899 1899 1894 1914 1877 1862 1831 1809 1781 1762 1721 1681 1673 1654 1604
2009 2127 2233 2321 2380 2407 2335 2354 2254 2122 1815 1849 1701 1656 1651 1617 1523 1425 1369 1495 1428 1806 1907 1942 1951 1985 2046 2067 2043 2053 2046 2042 2034 2073 2093 2128 2144 2112 2059 1966 1911 1889 1860 1850 1860 1848 1848 1859 1856 1866 1873 1892 1907 1930 1963 1944 1984 1994 2025 2000 1989 2005 1982 1958 1953 1946 1945 1925 1911 1928 1898 1901 1862 1837 1804 1780 1739 1720 1706 1687 1670
