layers/bio5_SA.asc
ncols        300
nrows        420
xllcorner    -83.000000000000
yllcorner    -57.000000000000
cellsize     0.166666666667
NODATA_value  -9999
[rows 114 to 151 of 420, columns 86 to 171 of 300]
316 316 316 318 319 319 318 319 319 319 319 319 320 320 320 321 321 321 322 322 323 324 324 325 325 326 326 325 326 326 326 327 326 326 327 326 327 326 326 326 326 326 325 325 325 326 327 328 329 330 331 332 332 332 333 334 334 336 334 336 335 335 335 336 337 339 340 341 339 338 339 339 340 339 338 334 335 336 332 332 331 332 333 332 332 331
316 317 317 319 319 318 318 319 319 320 320 320 320 320 321 321 321 322 322 323 323 324 325 325 326 327 327 326 327 327 327 328 328 328 328 328 328 328 328 327 328 327 326 326 327 327 328 329 330 331 331 332 333 332 333 334 335 337 335 336 335 338 339 340 341 342 342 342 341 338 336 338 337 339 341 339 338 338 335 333 334 334 333 334 334 333
317 318 318 319 319 318 319 319 319 320 320 320 321 321 321 321 322 323 324 324 325 325 326 326 326 328 327 327 328 328 328 329 329 329 329 329 330 330 329 329 327 328 328 328 328 329 329 330 330 332 331 333 333 333 333 334 336 337 337 336 337 339 341 343 343 343 343 344 341 338 339 341 337 338 339 338 339 340 340 339 337 337 337 336 334 334
318 318 319 319 318 318 319 319 319 320 320 320 321 321 322 323 323 323 323 324 325 326 326 327 327 328 328 328 329 328 329 330 330 329 330 331 331 331 330 330 329 329 329 329 329 330 330 330 331 332 332 333 332 333 335 335 336 339 338 338 340 341 341 340 343 343 343 345 344 339 341 342 338 337 340 341 341 340 341 340 339 338 338 337 335 335
318 319 318 318 318 318 319 319 320 320 321 321 321 322 321 322 323 323 324 324 325 326 327 328 328 328 329 328 329 329 330 331 331 331 332 332 332 332 331 331 330 330 330 330 330 331 330 331 332 333 332 334 332 333 335 334 335 339 339 339 340 341 338 339 342 343 345 346 345 341 342 343 339 340 342 342 341 341 342 341 337 338 340 339 337 337
318 318 318 318 319 319 320 320 320 320 320 321 321 321 322 322 323 323 324 325 326 326 327 328 328 328 329 329 330 330 331 331 332 333 333 334 334 333 332 332 331 331 331 331 330 331 332 332 333 333 333 334 332 333 335 334 337 340 341 340 338 342 339 339 342 343 346 348 347 344 344 343 341 342 343 343 341 342 343 343 342 341 341 340 338 336
317 318 318 318 318 319 319 320 320 320 320 321 321 322 322 323 324 324 324 325 326 327 328 329 329 329 330 330 330 331 332 332 334 334 335 335 334 334 333 333 332 332 332 331 332 332 333 333 333 333 334 334 334 335 335 334 336 340 342 342 341 341 344 344 343 343 343 348 347 345 346 344 342 343 345 343 344 345 345 344 341 343 342 341 341 338
318 317 318 318 319 319 319 319 320 320 321 321 321 322 323 323 323 324 325 325 326 328 329 329 329 329 330 330 331 331 332 333 335 335 336 335 335 334 334 333 333 333 332 332 333 333 333 334 334 334 332 333 334 335 336 336 337 341 343 343 341 344 345 347 347 344 343 346 347 347 345 345 344 345 346 345 345 345 344 346 343 343 344 343 342 341
318 318 319 319 319 320 319 320 320 320 321 322 322 322 323 323 324 325 326 326 327 328 329 329 329 329 330 330 331 331 333 334 335 337 337 336 335 335 334 334 334 333 333 333 333 333 334 335 335 334 332 333 333 336 337 336 337 340 343 343 341 344 346 348 349 348 346 344 346 347 345 345 346 345 348 346 346 347 345 347 345 344 344 346 345 342
318 318 318 318 319 319 320 321 321 321 321 322 324 324 325 325 325 325 326 327 327 328 329 329 329 329 330 330 331 332 333 334 335 337 338 336 336 335 335 335 334 334 333 334 334 334 334 335 335 334 335 336 335 334 336 335 336 339 340 344 343 345 347 347 349 350 351 349 345 345 346 346 345 347 348 347 347 347 348 349 349 346 347 347 345 345
317 317 317 318 319 319 320 320 321 323 323 323 323 324 324 325 326 326 327 327 327 328 328 329 329 329 330 330 331 332 333 334 335 337 337 336 335 335 335 334 335 335 333 333 334 335 335 335 336 337 337 338 338 335 337 336 337 337 341 343 345 345 347 348 349 350 351 352 347 344 343 346 347 349 349 348 347 349 349 350 350 349 349 348 348 347
317 317 318 318 319 319 320 321 322 323 323 323 323 323 324 325 325 326 326 327 328 328 328 328 329 329 330 330 331 332 332 333 334 335 336 335 335 335 335 335 334 334 334 334 335 335 335 335 336 337 338 338 337 336 337 338 338 340 342 342 344 346 347 348 349 351 351 352 351 346 342 345 349 348 349 350 349 350 350 351 351 350 351 350 349 348
318 318 319 318 319 320 320 321 322 323 323 323 324 324 325 325 325 326 327 327 328 327 328 328 329 329 330 330 330 331 331 333 333 334 335 334 334 334 335 335 334 334 334 333 335 335 335 335 336 337 338 339 339 337 340 340 339 338 341 340 345 346 348 348 349 352 351 352 351 345 343 343 344 343 349 350 350 351 352 353 352 352 352 352 350 349
317 318 318 318 319 319 320 321 323 323 323 323 324 325 325 326 326 326 327 327 328 327 328 328 329 329 329 329 330 330 331 332 333 333 333 334 334 334 334 335 335 335 335 334 335 336 336 335 337 338 337 339 339 341 341 341 339 339 341 341 346 345 346 349 349 351 351 352 348 344 343 340 341 340 340 342 349 351 353 354 353 354 351 353 352 350
317 317 318 319 319 320 321 322 323 323 323 324 325 325 326 326 326 327 327 328 328 327 328 328 329 328 328 329 329 330 331 331 331 331 332 333 333 334 334 335 335 336 335 335 335 335 336 336 336 338 337 339 340 341 341 340 338 339 340 344 345 345 344 348 349 350 352 352 346 346 345 344 342 341 340 339 340 344 351 355 355 356 355 355 354 351
317 318 318 319 319 320 322 323 323 323 324 325 325 325 326 326 327 327 327 328 328 328 328 328 328 328 328 328 329 330 330 330 330 330 331 332 333 334 334 335 335 335 334 334 335 336 336 336 337 338 338 339 340 340 341 342 342 338 341 345 342 344 341 348 348 350 352 353 350 352 350 349 348 347 346 346 345 345 345 352 356 357 356 356 356 353
317 318 318 318 319 320 322 324 324 324 325 325 326 326 327 327 328 328 328 327 328 329 328 328 328 329 328 328 329 329 329 330 329 329 330 332 332 333 334 335 335 334 334 335 335 336 336 337 335 338 338 338 339 340 341 342 342 338 343 344 342 344 342 347 344 348 351 351 352 353 353 354 353 353 352 353 353 350 347 345 344 350 353 350 355 353
317 317 317 318 320 322 323 324 325 324 325 326 327 327 328 328 329 329 329 329 329 329 328 328 328 329 328 329 328 329 329 330 330 330 331 331 332 333 334 334 335 335 335 335 336 336 336 337 336 338 338 337 338 339 341 342 343 342 341 340 342 343 343 347 346 348 349 352 353 353 353 355 356 355 355 356 354 352 350 348 347 349 350 348 351 355
318 319 319 321 321 322 323 325 324 324 326 327 327 328 327 328 328 329 329 329 329 329 328 328 329 329 329 328 329 329 329 329 330 330 331 331 332 333 333 334 334 335 335 335 336 335 335 336 336 338 338 338 338 339 341 342 342 343 343 341 342 343 344 345 346 343 347 350 352 354 355 356 356 356 357 357 356 355 353 353 350 351 350 347 348 355
317 317 319 320 321 322 324 325 325 326 326 327 328 329 329 328 329 330 330 329 328 329 329 329 330 330 329 328 329 329 330 330 331 331 331 331 332 332 332 333 334 334 335 335 335 335 336 337 337 338 338 338 338 339 341 342 341 342 340 341 342 342 343 345 345 343 344 346 347 352 353 353 354 356 357 358 357 356 356 355 353 353 352 350 352 357
317 318 320 321 322 323 324 325 325 326 327 329 329 329 329 329 329 331 331 331 330 330 331 331 330 330 329 328 328 330 330 330 331 331 331 332 332 332 333 334 334 335 334 335 335 335 336 336 337 337 338 338 338 338 340 342 342 341 340 340 342 343 344 345 345 344 344 347 349 352 350 353 354 354 353 355 357 357 356 359 356 357 356 353 355 358
318 320 321 321 323 324 325 325 326 327 329 330 330 330 331 332 332 332 332 333 334 333 333 331 331 330 330 330 329 330 331 331 331 332 332 332 332 331 333 334 334 335 335 335 335 335 335 336 337 336 338 336 336 338 340 341 340 339 337 339 341 342 344 343 345 345 345 349 350 351 351 352 353 355 356 356 357 355 358 358 358 359 358 356 356 358
319 320 321 323 324 325 327 326 328 328 330 330 331 332 333 334 334 335 335 335 335 334 333 332 331 331 330 330 329 330 331 331 332 332 332 332 332 333 334 333 335 335 335 335 335 334 335 337 336 336 336 338 337 337 339 341 340 341 340 339 340 341 343 343 345 345 345 348 349 350 352 351 353 354 355 357 358 359 359 359 361 359 361 358 356 357
321 321 322 323 325 327 327 328 328 329 330 331 333 334 334 335 335 336 336 337 336 335 335 333 331 331 331 330 330 331 331 330 332 333 333 333 332 333 333 334 335 335 334 335 335 334 335 336 336 335 335 337 335 336 339 339 341 340 341 340 339 339 343 343 344 345 346 346 348 348 351 352 352 353 355 355 357 359 360 361 361 362 361 359 359 357
322 323 324 325 327 328 327 328 329 330 332 333 333 334 335 336 337 337 337 337 337 336 335 334 332 333 332 331 330 332 330 330 332 334 334 332 332 333 334 335 335 334 332 334 333 333 335 335 336 335 334 335 333 336 338 338 339 340 341 339 340 340 342 342 342 343 345 345 346 349 351 350 351 352 353 354 356 357 359 360 361 362 361 361 359 356
323 324 324 325 327 327 328 329 331 332 332 333 334 335 337 337 337 338 338 338 339 337 336 335 334 334 333 331 331 332 331 331 333 334 334 334 333 335 336 335 335 334 331 332 332 334 335 335 336 335 334 334 332 334 333 333 333 337 338 339 338 341 341 342 342 341 343 340 341 346 349 349 350 351 351 353 355 357 358 359 360 361 361 360 358 358
323 324 325 327 328 328 328 330 332 332 333 334 335 336 337 338 339 340 340 341 340 339 337 336 335 334 332 331 331 333 331 331 333 332 333 333 334 335 335 335 335 335 333 332 331 335 333 333 335 334 332 330 332 332 330 331 332 330 332 337 338 339 341 340 333 337 338 341 343 344 346 346 346 348 350 353 355 356 357 358 358 358 358 360 360 357
325 326 327 328 328 329 330 332 332 333 334 335 336 337 338 340 341 342 342 343 342 340 339 335 334 330 330 327 330 332 329 331 333 332 331 334 335 333 334 335 335 335 333 332 333 334 333 333 333 331 330 328 331 328 329 331 331 329 328 331 337 339 338 338 335 333 337 340 341 343 345 346 346 346 349 351 354 354 356 356 357 356 355 357 358 356
326 327 328 329 329 331 331 332 332 333 335 336 337 339 340 341 343 343 344 344 343 340 340 339 338 334 330 326 327 325 323 329 333 331 332 335 333 333 334 337 337 336 333 330 333 333 331 332 333 333 331 327 328 328 328 330 329 329 329 333 336 338 338 339 341 338 336 338 341 342 343 345 346 348 350 351 353 352 353 355 354 353 355 356 355 354
327 327 328 329 330 330 331 332 333 335 336 337 339 340 341 343 343 343 345 344 345 342 340 339 338 337 333 330 326 320 315 330 332 331 333 332 333 330 335 337 337 336 329 331 333 332 330 331 331 331 328 325 326 326 327 328 328 329 329 332 335 337 337 337 340 342 342 340 340 340 342 344 345 348 349 350 352 350 350 349 349 350 352 353 354 355
326 327 329 330 330 331 333 334 335 336 337 338 340 340 341 343 343 344 345 345 345 344 342 341 339 338 336 336 334 328 328 330 330 330 332 333 333 335 336 336 337 333 328 331 331 330 330 328 328 329 328 325 326 323 325 326 327 327 328 332 333 336 337 336 338 340 340 339 342 342 343 345 345 345 346 348 352 352 352 352 352 350 351 353 355 356
328 328 329 330 332 333 334 334 335 337 338 339 339 340 342 342 343 345 345 345 345 344 343 342 341 339 337 336 335 333 334 333 334 332 333 332 333 334 335 335 335 332 329 330 330 328 324 322 325 324 320 323 321 320 323 326 326 325 328 327 330 334 336 336 336 339 341 341 343 342 344 346 348 347 347 348 349 351 351 352 351 350 352 353 354 354
327 328 329 331 332 333 334 335 337 337 338 339 340 342 342 343 343 345 345 345 345 344 343 343 341 340 338 337 335 334 335 335 332 333 334 333 332 334 335 335 334 333 332 330 329 326 324 319 322 322 319 319 321 320 321 324 325 325 325 328 331 333 334 336 336 336 339 341 342 342 344 347 348 350 351 351 350 350 353 352 350 350 351 352 352 353
328 329 331 332 332 334 335 336 337 337 338 340 341 342 342 343 344 345 346 346 346 345 344 343 342 340 338 338 337 334 335 334 334 334 335 335 334 331 332 333 332 332 331 329 329 326 323 320 317 318 316 319 318 320 319 321 323 324 327 329 331 333 334 336 336 337 337 341 342 343 345 347 348 350 352 352 351 351 352 351 350 350 351 351 350 352
328 330 330 332 334 333 334 336 337 337 339 341 341 342 343 344 344 345 346 346 347 346 345 343 342 340 338 339 339 335 333 336 337 336 336 336 334 330 329 330 330 330 329 328 327 327 325 324 319 317 314 316 315 318 319 320 321 323 323 327 330 332 333 335 336 336 336 340 342 344 346 347 349 352 353 352 353 353 351 350 351 350 350 349 349 350
329 329 330 333 333 334 335 336 337 338 340 340 341 342 344 344 345 345 347 346 347 347 346 344 343 341 341 341 340 339 338 338 338 337 337 336 331 332 326 324 324 327 325 326 326 323 322 320 317 315 313 313 313 315 317 317 318 320 324 327 329 331 332 334 336 335 336 339 341 343 345 348 350 353 353 353 353 353 352 350 350 350 349 348 348 350
329 330 332 333 333 335 335 336 337 338 340 341 342 343 343 344 345 346 347 347 348 347 347 346 344 343 342 342 341 340 340 339 339 338 336 335 334 330 321 321 321 320 322 324 324 322 318 316 316 313 311 309 312 311 313 316 318 322 325 328 330 330 332 334 335 336 338 339 343 346 344 348 353 354 354 353 353 351 351 349 349 349 348 348 348 348
329 331 333 332 333 334 335 337 337 338 340 341 342 343 344 344 346 347 347 347 348 348 347 346 345 344 343 342 341 340 340 340 339 338 337 336 334 332 326 325 324 319 320 322 321 321 319 316 314 312 308 306 309 309 314 318 320 322 325 327 329 330 331 333 335 337 340 341 344 349 350 344 351 354 353 352 352 350 350 348 348 347 347 346 346 346
