layers/bio5_SA.asc
ncols        300
nrows        420
xllcorner    -83.000000000000
yllcorner    -57.000000000000
cellsize     0.166666666667
NODATA_value  -9999
[rows 76 to 113 of 420, columns 0 to 85 of 300]
-9999 -9999 -9999 -9999 -9999 -9999 -9999 -9999 -9999 -9999 -9999 -9999 -9999 -9999 -9999 -9999 -9999 301 301 291 302 305 303 293 269 249 244 189 196 161 155 207 257 281 294 301 304 306 307 308 309 309 310 310 311 313 314 315 317 317 316 317 318 319 318 319 320 321 321 319 320 318 324 327 325 324 323 323 322 321 319 318 316 311 313 312 311 309 309 308 307 307 306 307 308 310
-9999 -9999 -9999 -9999 -9999 -9999 -9999 -9999 -9999 -9999 -9999 -9999 -9999 -9999 -9999 -9999 -9999 301 297 297 304 305 301 285 263 241 236 230 169 145 135 209 261 285 293 301 304 305 306 307 309 309 311 311 311 313 315 316 317 316 315 316 317 317 318 318 319 320 320 320 320 321 324 324 325 323 323 321 320 319 319 318 312 310 313 312 310 309 308 307 306 306 306 307 308 310
-9999 -9999 -9999 -9999 -9999 -9999 -9999 -9999 -9999 -9999 -9999 -9999 -9999 -9999 -9999 -9999 300 296 297 302 307 305 298 283 255 234 182 231 179 126 133 224 247 277 295 300 303 305 307 308 309 310 310 310 312 314 316 318 319 318 316 317 318 317 318 318 319 319 319 319 320 321 322 321 324 322 321 319 319 318 318 316 315 312 312 312 310 308 306 305 304 304 305 307 308 309
-9999 -9999 -9999 -9999 -9999 -9999 -9999 -9999 -9999 -9999 -9999 -9999 -9999 -9999 -9999 298 296 294 300 303 308 306 296 274 246 221 167 229 131 118 172 241 245 271 298 302 304 305 307 308 309 310 310 311 312 315 316 318 321 321 317 316 317 318 318 318 318 319 320 318 320 319 318 322 325 323 321 319 318 317 317 316 315 313 312 311 310 308 306 305 301 305 306 306 308 309
-9999 -9999 -9999 -9999 -9999 -9999 -9999 -9999 -9999 -9999 -9999 -9999 -9999 -9999 -9999 296 291 299 300 304 308 306 291 235 230 213 173 175 105 138 198 221 237 279 300 303 305 306 307 308 309 310 311 312 313 316 317 318 320 319 319 317 317 317 318 318 318 318 319 319 319 319 318 321 325 324 322 320 319 316 316 315 314 313 312 311 310 309 306 305 305 304 305 306 307 308
-9999 -9999 -9999 -9999 -9999 -9999 -9999 -9999 -9999 -9999 -9999 -9999 -9999 -9999 -9999 301 302 307 300 305 308 305 287 229 199 157 144 110 102 117 202 231 243 281 299 303 304 305 306 308 309 310 311 312 314 315 317 317 318 319 317 318 317 317 316 316 317 318 319 320 321 321 319 325 327 325 322 320 319 316 316 314 313 312 312 310 310 308 306 305 306 303 305 305 307 308
-9999 -9999 -9999 -9999 -9999 -9999 -9999 -9999 -9999 -9999 -9999 -9999 -9999 -9999 310 302 314 315 304 309 308 304 293 237 170 144 169 105 121 183 234 265 269 294 300 302 304 305 305 308 308 310 310 311 314 314 315 315 317 318 318 317 317 317 317 316 316 315 317 317 319 320 322 323 325 325 323 320 319 316 315 314 312 312 310 310 310 308 307 306 306 304 305 306 306 307
-9999 -9999 -9999 -9999 -9999 -9999 -9999 -9999 -9999 -9999 -9999 -9999 298 299 306 310 308 307 306 311 308 305 295 227 139 144 182 114 147 219 257 282 279 298 300 301 303 305 306 306 308 309 310 311 312 313 314 314 315 315 316 316 316 317 316 316 316 315 317 318 319 320 321 322 323 322 322 321 319 317 316 314 313 312 311 310 309 308 307 306 306 306 305 306 306 307
-9999 -9999 -9999 -9999 -9999 -9999 -9999 -9999 -9999 -9999 -9999 -9999 289 293 298 308 303 297 311 312 308 305 282 218 132 128 196 131 162 240 276 291 295 297 300 303 305 306 307 305 307 308 309 310 311 311 313 314 315 314 315 315 315 316 316 316 317 315 316 317 319 319 321 321 321 321 320 319 318 318 316 314 312 311 310 309 309 308 307 307 306 307 305 306 306 307
-9999 -9999 -9999 -9999 -9999 -9999 -9999 -9999 -9999 -9999 -9999 294 297 298 289 302 305 311 314 312 310 306 279 208 134 149 213 158 181 240 274 282 293 297 301 303 304 306 308 308 309 309 309 309 310 310 312 313 314 314 314 315 315 315 315 316 316 316 316 317 318 318 319 320 320 320 318 318 317 316 315 314 313 311 310 308 308 308 308 307 307 307 305 305 306 307
-9999 -9999 -9999 -9999 -9999 -9999 -9999 -9999 -9999 -9999 -9999 -9999 -9999 292 286 292 307 311 315 313 310 304 265 183 105 110 183 201 234 254 269 276 289 297 300 304 305 307 308 308 308 309 310 310 310 311 312 312 313 314 313 314 314 314 315 315 316 316 315 316 317 318 318 318 318 318 318 317 317 315 315 314 312 312 311 310 309 309 308 306 306 307 305 305 306 306
-9999 -9999 -9999 -9999 -9999 -9999 -9999 -9999 -9999 -9999 -9999 -9999 299 288 283 299 306 312 313 312 311 307 262 200 144 160 190 152 223 264 272 287 291 295 299 302 306 307 309 309 310 310 310 311 311 311 312 312 313 314 313 313 314 314 314 315 316 316 316 315 316 316 317 317 317 317 317 316 315 315 313 312 311 311 310 309 309 309 307 305 306 307 307 306 306 307
-9999 -9999 -9999 -9999 -9999 -9999 -9999 -9999 -9999 -9999 -9999 -9999 -9999 294 278 294 308 315 315 312 312 310 275 205 141 154 175 136 224 263 273 285 294 298 301 303 305 308 310 310 310 311 310 310 309 310 310 312 313 314 313 312 313 314 315 314 315 316 316 315 316 316 316 316 315 315 315 315 315 314 312 311 310 310 310 308 307 307 306 305 304 305 307 307 307 308
-9999 -9999 -9999 -9999 -9999 -9999 -9999 -9999 -9999 -9999 -9999 -9999 -9999 300 292 291 309 314 315 313 312 311 284 217 172 146 151 140 225 262 275 285 294 298 302 304 306 309 310 311 312 312 311 311 311 311 311 311 312 312 313 313 313 313 314 314 315 315 315 315 315 315 315 316 316 315 315 315 314 313 312 311 311 310 309 308 307 306 306 306 304 305 305 306 306 307
-9999 -9999 -9999 -9999 -9999 -9999 -9999 -9999 -9999 -9999 -9999 -9999 -9999 301 302 300 301 307 313 314 314 312 301 238 194 149 128 151 234 265 274 284 295 302 305 307 307 309 311 312 312 313 312 312 312 311 311 312 313 313 313 313 314 313 314 314 314 315 315 315 315 315 315 315 316 315 315 315 314 313 312 312 311 311 309 309 307 307 307 306 306 305 306 306 306 307
-9999 -9999 -9999 -9999 -9999 -9999 -9999 -9999 -9999 -9999 -9999 293 298 300 305 307 310 313 315 317 316 313 306 259 204 141 121 184 247 274 269 284 299 307 309 311 310 310 310 311 313 313 313 313 312 313 312 311 313 313 314 314 314 314 314 314 315 315 315 316 315 316 315 315 315 315 315 315 315 314 313 313 312 311 310 309 308 307 306 306 306 306 306 306 307 307
-9999 -9999 -9999 -9999 -9999 -9999 -9999 -9999 -9999 -9999 -9999 -9999 300 304 309 310 316 318 318 318 318 315 288 226 145 121 149 176 260 277 276 293 307 312 312 313 312 311 311 312 313 313 313 314 313 313 313 312 312 313 314 314 314 315 315 315 316 315 315 316 317 316 316 316 315 315 314 313 314 314 313 312 311 312 311 309 308 307 307 305 305 305 305 306 306 306
-9999 -9999 -9999 -9999 -9999 -9999 -9999 -9999 -9999 -9999 -9999 -9999 -9999 -9999 314 317 320 319 319 320 320 295 226 152 153 164 208 240 279 274 288 307 313 315 315 314 314 313 313 313 313 313 313 314 314 313 312 313 312 313 314 315 315 315 315 316 316 316 315 316 316 316 316 315 315 315 313 313 312 312 312 311 310 310 310 310 309 308 308 307 306 306 306 306 306 307
-9999 -9999 -9999 -9999 -9999 -9999 -9999 -9999 -9999 -9999 -9999 -9999 -9999 -9999 -9999 321 319 318 317 319 290 205 117 126 192 195 194 261 292 273 295 312 315 316 316 315 315 315 314 314 314 314 313 313 314 314 313 313 313 312 313 314 316 316 316 316 317 317 316 315 315 315 316 316 315 314 313 313 313 313 312 312 311 311 310 310 309 309 309 308 307 307 307 306 307 307
-9999 -9999 -9999 -9999 -9999 -9999 -9999 -9999 -9999 -9999 -9999 -9999 -9999 -9999 -9999 318 316 317 316 316 291 194 119 173 204 195 189 271 287 286 307 312 317 317 317 317 316 316 315 315 314 314 314 313 313 314 314 314 314 313 313 314 315 316 316 317 317 318 317 317 316 315 315 315 315 314 313 313 313 313 312 312 311 310 310 309 308 309 309 309 308 308 308 308 309 309
-9999 -9999 -9999 -9999 -9999 -9999 -9999 -9999 -9999 -9999 -9999 -9999 -9999 -9999 -9999 317 316 316 314 306 230 150 141 179 186 175 227 285 289 300 310 314 318 318 318 318 318 317 316 316 315 315 314 314 313 313 314 315 314 315 314 315 315 316 316 317 317 317 318 317 317 316 316 315 315 315 314 313 312 312 312 311 310 310 309 309 309 309 308 307 307 307 308 309 309 309
-9999 -9999 -9999 -9999 -9999 -9999 -9999 -9999 -9999 -9999 -9999 -9999 -9999 -9999 -9999 318 317 311 313 301 246 219 238 173 173 213 261 275 276 272 309 315 319 319 319 319 318 318 318 317 316 316 315 314 314 313 314 315 315 315 316 316 316 316 317 317 317 318 319 318 318 316 314 315 315 315 314 314 313 311 311 311 310 310 310 310 310 309 308 307 308 308 309 309 309 310
-9999 -9999 -9999 -9999 -9999 -9999 -9999 -9999 -9999 -9999 -9999 -9999 -9999 -9999 -9999 322 320 317 315 294 242 236 235 188 181 237 286 268 274 281 311 315 320 320 320 320 319 319 319 318 317 317 316 315 315 314 315 316 316 316 317 317 317 317 317 318 319 319 319 319 318 317 316 315 316 316 315 314 313 312 312 312 311 310 310 310 309 308 308 309 308 309 310 310 310 309
-9999 -9999 -9999 -9999 -9999 -9999 -9999 -9999 -9999 -9999 -9999 -9999 -9999 -9999 323 323 323 322 312 276 230 170 194 175 250 253 288 276 289 301 312 319 318 321 321 321 320 320 320 319 318 317 316 316 315 315 315 316 317 317 318 318 318 318 318 320 319 320 320 320 318 316 316 316 316 315 314 315 314 313 311 311 311 310 311 310 309 309 309 309 309 310 310 309 309 309
-9999 -9999 -9999 -9999 -9999 -9999 -9999 -9999 -9999 -9999 -9999 -9999 -9999 323 317 320 316 312 298 294 294 206 181 194 261 286 282 272 295 301 309 320 312 322 322 322 322 321 320 320 319 318 317 316 316 315 316 316 317 318 319 319 319 319 319 321 321 321 321 320 318 316 315 315 314 314 313 314 314 313 313 312 312 312 312 312 311 310 309 309 310 311 310 309 310 309
-9999 -9999 -9999 -9999 -9999 -9999 -9999 -9999 -9999 -9999 -9999 -9999 320 316 315 303 300 297 287 276 277 245 217 224 264 287 272 272 297 292 305 321 315 322 323 323 322 322 321 320 319 319 318 317 317 316 317 317 318 319 320 320 319 320 321 321 322 321 321 319 318 317 316 316 315 314 314 314 313 314 314 314 313 313 313 313 313 311 310 311 311 312 311 309 311 309
-9999 -9999 -9999 -9999 -9999 -9999 -9999 -9999 -9999 -9999 -9999 318 317 308 295 306 304 289 265 290 281 277 233 208 271 266 285 289 281 294 311 322 312 322 324 323 322 322 321 320 320 319 319 318 317 318 318 319 319 320 321 321 321 321 321 321 321 322 321 320 318 317 316 316 316 315 314 314 313 313 313 313 312 312 312 312 313 313 312 312 312 313 311 311 310 310
-9999 -9999 -9999 -9999 -9999 -9999 -9999 -9999 -9999 -9999 309 308 311 287 298 312 315 308 287 273 275 240 260 192 239 280 293 298 296 291 316 323 311 323 325 324 323 323 322 321 320 320 319 319 319 319 320 320 321 321 322 322 323 322 322 322 322 323 322 319 319 318 317 316 316 315 315 314 313 314 313 313 313 313 313 313 313 314 314 314 314 312 312 312 310 311
-9999 -9999 -9999 -9999 -9999 -9999 -9999 -9999 -9999 -9999 314 312 306 298 317 324 326 313 312 278 273 270 211 221 254 286 297 303 308 308 318 323 315 324 324 324 323 323 322 321 321 320 320 319 320 320 321 322 323 323 323 324 324 325 324 323 323 324 322 320 319 318 317 317 317 316 315 315 315 315 314 314 314 313 313 313 314 313 314 314 313 312 312 312 310 311
-9999 -9999 -9999 -9999 -9999 -9999 -9999 -9999 -9999 -9999 315 309 299 317 325 329 324 310 293 254 262 232 212 269 256 259 293 299 306 311 318 317 317 324 324 324 323 322 322 321 321 321 321 320 321 322 322 323 324 324 324 325 326 326 326 325 325 324 322 320 319 319 318 317 316 316 316 315 315 315 314 314 313 314 313 313 314 313 313 313 312 312 312 312 312 312
-9999 -9999 -9999 -9999 -9999 -9999 -9999 -9999 -9999 -9999 319 318 319 328 331 331 329 299 251 262 248 183 229 283 238 274 293 296 307 311 316 303 319 322 323 322 322 321 321 321 321 321 321 322 323 323 324 324 325 325 325 327 327 328 328 327 326 325 322 320 320 318 318 317 317 316 315 315 315 315 314 314 314 314 313 314 314 313 312 312 313 312 312 312 312 313
-9999 -9999 -9999 -9999 -9999 -9999 -9999 -9999 -9999 -9999 323 325 328 332 334 336 336 297 225 232 260 203 255 293 259 280 295 300 305 310 313 299 310 320 321 321 322 321 321 321 321 321 322 323 324 325 325 326 326 326 327 328 329 330 330 330 328 326 323 321 319 318 318 318 317 316 315 316 315 314 314 314 314 314 313 314 314 314 313 313 313 312 312 312 313 314
-9999 -9999 -9999 -9999 -9999 -9999 -9999 -9999 -9999 -9999 325 324 328 334 337 332 335 327 285 240 205 193 226 288 284 267 280 304 303 301 301 285 298 310 319 320 320 320 320 320 321 321 323 324 325 326 327 327 327 328 328 329 330 331 332 331 329 327 324 322 320 319 319 317 316 316 316 316 315 315 315 314 314 314 315 314 314 314 313 313 313 313 313 314 314 314
-9999 -9999 -9999 -9999 -9999 -9999 -9999 -9999 -9999 -9999 323 322 327 335 337 330 331 332 324 308 231 220 224 260 283 288 265 305 303 295 289 285 292 293 301 314 318 318 317 318 320 322 324 325 326 327 328 328 329 329 330 330 331 331 332 331 330 328 326 323 321 319 318 317 316 317 316 316 315 315 315 315 315 315 314 314 315 313 313 313 313 314 315 315 315 314
-9999 -9999 -9999 -9999 -9999 -9999 -9999 -9999 -9999 -9999 -9999 327 329 333 334 330 327 329 320 312 255 245 229 275 289 312 289 290 262 280 262 267 275 278 293 292 299 315 316 316 319 323 325 326 326 328 329 330 330 330 331 331 332 332 332 331 328 328 325 323 321 319 317 317 317 317 315 315 315 315 315 315 315 314 314 315 314 313 313 313 314 315 314 315 315 314
-9999 -9999 -9999 -9999 -9999 -9999 -9999 -9999 -9999 -9999 -9999 -9999 329 330 331 329 326 325 319 305 265 241 203 248 270 308 313 275 221 231 251 261 272 272 275 281 283 298 316 317 319 324 326 326 326 327 330 331 331 332 332 332 332 332 331 330 328 327 325 323 322 319 318 318 317 317 316 315 315 315 315 315 315 315 315 315 314 314 313 314 314 315 315 315 314 315
-9999 -9999 -9999 -9999 -9999 -9999 -9999 -9999 -9999 -9999 -9999 319 325 327 328 328 327 326 325 311 246 250 220 253 247 304 305 303 274 215 236 226 261 288 288 288 280 286 313 317 322 326 327 328 328 329 332 332 332 333 333 332 332 331 331 329 328 325 324 323 321 320 318 318 317 317 316 315 315 315 315 315 315 315 315 315 314 314 313 314 315 316 316 315 315 315
-9999 -9999 -9999 -9999 -9999 -9999 -9999 -9999 -9999 -9999 -9999 311 319 323 325 325 325 325 322 318 282 234 253 247 271 293 271 247 272 245 228 204 214 266 290 289 282 272 298 318 324 328 329 329 330 331 333 333 333 333 333 333 332 331 330 329 327 325 324 322 321 319 318 317 317 317 315 315 316 315 315 315 315 314 316 315 314 314 315 315 316 316 315 315 315 316
