layers/bio5_SA.asc
ncols        300
nrows        420
xllcorner    -83.000000000000
yllcorner    -57.000000000000
cellsize     0.166666666667
NODATA_value  -9999
[rows 114 to 151 of 420, columns 172 to 257 of 300]
330 330 328 327 324 323 323 324 322 322 324 324 322 320 320 322 321 318 318 319 322 323 313 310 310 317 326 326 329 332 333 333 334 333 330 334 336 334 332 331 333 337 337 339 339 338 340 343 345 344 341 341 342 341 341 340 340 342 341 344 345 341 346 346 347 345 351 351 351 347 347 346 344 348 347 337 330 333 322 311 299 306 313 320 321 316
331 332 329 327 328 327 324 325 324 323 325 325 322 321 322 323 323 322 319 320 324 326 322 309 316 320 325 327 330 333 333 333 334 333 331 333 336 333 332 329 330 333 335 337 339 339 340 343 342 342 339 341 340 336 338 336 340 339 336 341 339 340 344 341 340 345 350 348 350 351 344 342 345 347 345 341 336 335 323 313 300 306 314 318 324 323
333 333 331 328 328 329 325 326 327 326 327 327 326 326 319 321 323 324 325 323 326 325 326 320 319 325 326 326 330 334 333 333 333 335 336 333 336 334 328 329 331 334 334 335 335 332 339 341 338 342 337 335 336 336 336 338 337 334 337 343 339 339 343 337 343 346 344 347 350 350 347 341 342 341 342 336 328 330 327 316 308 306 315 320 322 329
335 334 333 329 329 329 328 329 329 327 323 326 328 327 327 326 327 327 327 325 325 325 326 327 328 330 330 329 331 335 333 334 334 336 336 332 336 335 327 329 333 336 336 335 333 331 336 339 335 341 334 333 332 330 330 331 333 337 338 343 340 342 344 345 343 343 347 347 352 351 350 347 339 339 338 331 326 325 329 317 307 301 309 316 318 321
336 336 336 333 330 329 329 329 329 326 324 324 321 323 328 329 330 329 327 327 326 324 327 328 328 331 330 331 334 335 334 336 337 337 336 334 336 334 329 329 335 336 336 335 334 333 334 335 336 334 329 329 332 334 335 338 340 340 339 339 343 349 350 351 352 351 352 355 353 349 351 351 347 344 339 330 327 328 330 320 314 310 313 312 314 325
338 337 336 336 333 332 329 330 329 326 327 330 329 330 327 328 331 330 330 327 320 318 324 328 329 331 331 333 335 336 336 338 336 337 337 335 336 334 330 330 336 336 336 335 336 337 335 334 332 333 339 339 341 338 335 338 341 339 340 343 348 348 348 351 351 353 351 351 349 349 351 350 351 350 341 332 327 335 340 331 330 327 323 317 319 324
339 338 338 337 334 331 332 333 333 330 331 332 331 331 331 332 332 331 328 326 322 321 323 327 330 332 333 335 337 336 338 337 336 337 336 334 336 335 333 336 339 334 336 336 336 337 334 331 334 334 333 340 345 346 346 347 345 347 344 346 348 345 347 350 352 352 351 351 350 351 351 350 349 350 349 341 337 343 338 336 334 330 324 322 317 316
340 340 339 339 338 333 331 333 333 331 334 331 329 330 331 333 333 333 331 331 332 329 329 327 331 335 335 337 339 338 340 339 337 338 335 334 338 337 339 341 342 341 338 338 334 332 331 335 337 342 341 344 346 347 345 346 343 344 347 344 343 341 345 350 352 350 350 351 350 350 351 350 351 350 349 346 345 341 339 337 333 324 314 310 305 304
341 340 340 339 340 337 335 333 333 334 335 330 323 324 331 334 331 332 334 331 330 328 326 325 333 336 335 338 340 339 341 338 338 339 337 337 338 338 339 342 343 345 343 342 340 339 338 339 342 345 345 346 346 343 344 343 344 345 344 342 341 342 345 350 352 347 348 349 347 349 352 349 349 350 350 346 344 344 337 339 333 315 305 300 299 297
342 341 342 341 341 340 337 336 337 337 335 333 325 327 332 333 335 333 335 329 326 327 328 326 335 337 339 340 340 341 341 340 340 340 337 338 340 341 343 344 345 345 344 344 342 342 341 340 341 345 344 343 341 342 343 342 341 344 342 342 339 341 347 349 351 346 345 349 345 348 353 354 353 350 351 347 344 344 342 339 332 315 306 308 306 309
344 343 342 342 342 341 339 336 338 338 338 336 333 335 335 328 329 333 334 334 332 331 331 332 336 339 341 342 342 342 343 342 343 341 338 341 342 343 345 345 345 344 344 343 343 344 342 336 339 342 344 340 340 342 339 340 341 343 341 339 338 341 346 352 348 343 344 345 345 350 354 353 355 352 350 351 347 341 340 336 329 318 309 318 319 321
346 343 342 343 343 343 342 341 340 340 339 336 337 332 329 327 329 335 338 337 337 337 336 338 340 342 342 343 343 342 343 345 345 343 338 342 342 344 345 344 345 343 344 342 341 342 343 337 341 338 342 338 346 340 339 338 340 341 341 339 339 340 346 352 344 342 345 342 345 353 354 353 355 355 351 349 350 345 341 336 331 325 315 320 324 326
349 343 343 346 345 344 343 343 340 342 341 338 337 331 325 328 336 339 338 335 337 337 335 338 341 339 343 343 344 342 345 346 345 342 337 344 345 345 345 344 343 343 344 341 341 339 339 339 340 334 340 337 347 340 335 337 338 341 338 340 335 342 348 352 345 341 343 344 351 354 356 355 355 355 352 348 347 346 341 334 329 319 308 317 323 326
350 347 348 348 347 346 344 344 343 344 341 341 336 332 327 331 339 339 339 335 331 334 339 343 344 343 345 345 345 343 346 346 346 341 336 344 344 345 344 344 341 342 343 342 341 336 337 337 341 333 340 343 344 338 333 336 342 340 336 339 336 340 346 351 344 342 341 345 351 352 355 358 357 354 353 347 346 344 339 334 328 317 315 317 320 325
350 349 349 349 348 348 344 345 344 345 344 342 336 332 330 332 340 340 339 339 337 339 342 344 345 346 346 346 345 347 346 346 345 339 339 344 344 345 344 345 344 343 342 343 340 333 335 335 338 332 338 346 340 335 335 340 341 345 340 334 338 342 349 349 341 340 341 345 351 349 353 356 358 354 351 350 346 342 335 329 323 321 321 323 324 322
351 352 351 350 349 349 347 345 345 345 346 346 344 340 339 335 340 341 337 335 341 343 344 345 345 346 347 346 347 348 347 346 344 341 337 344 345 346 345 344 344 343 342 342 338 332 335 340 336 333 339 346 340 343 338 341 345 339 338 335 340 348 350 345 339 338 339 345 344 345 348 353 351 356 354 350 341 338 335 329 326 326 325 324 325 326
353 353 353 351 351 351 349 345 346 348 347 345 346 341 341 338 340 342 340 333 341 342 345 346 346 347 348 348 349 348 347 346 345 339 337 344 345 346 344 344 344 343 341 341 336 335 338 337 335 338 344 342 338 342 340 338 343 340 335 343 348 350 349 340 336 336 337 342 340 342 342 346 352 355 352 347 340 330 332 331 331 329 328 325 325 326
354 355 353 353 353 352 350 348 348 348 347 347 347 346 341 339 339 342 341 336 341 340 344 346 347 348 349 350 349 349 348 346 344 342 339 345 346 346 346 345 344 343 343 341 334 337 334 335 338 342 345 340 339 340 336 342 345 337 343 347 352 345 346 341 334 334 334 336 338 345 351 354 355 352 348 342 336 334 336 335 332 331 330 329 328 325
356 355 354 354 354 353 351 349 350 349 347 346 345 347 344 342 338 342 342 342 345 346 346 346 347 349 350 350 348 348 348 347 344 339 342 346 348 347 345 344 345 345 345 341 335 335 333 336 337 342 345 339 337 336 341 344 342 340 344 350 352 344 339 344 335 331 333 338 345 350 352 351 349 346 346 338 335 335 337 338 335 330 330 329 329 328
358 357 357 356 354 354 352 351 349 349 346 346 348 347 347 345 341 341 342 343 345 345 349 349 350 351 350 350 350 349 349 348 344 340 344 347 346 345 346 346 346 347 346 344 341 335 336 339 340 337 345 344 338 336 342 336 335 338 348 354 350 341 335 339 336 333 339 343 346 348 349 347 341 341 339 337 338 340 340 339 336 331 329 328 327 324
358 357 357 355 355 354 353 351 350 351 350 348 349 349 346 346 340 338 340 342 348 349 349 350 351 351 351 351 350 350 349 348 343 340 346 348 345 343 346 346 347 346 345 345 345 338 335 338 340 344 343 343 340 338 335 337 340 344 353 352 345 340 335 335 337 339 337 339 344 347 345 341 340 339 338 337 336 339 341 340 336 333 330 328 325 320
359 359 357 356 356 355 353 352 353 353 352 350 350 349 345 346 344 340 340 345 348 349 349 350 351 352 351 351 351 350 349 348 341 344 347 349 344 343 346 346 346 346 345 344 343 341 336 339 342 345 342 347 348 343 345 348 350 352 353 348 342 336 335 339 342 340 341 342 343 343 341 341 340 339 336 341 341 341 342 332 329 330 326 324 323 321
357 357 357 357 356 355 353 352 351 352 352 352 351 350 348 344 343 341 344 348 350 349 350 351 352 352 351 351 351 350 350 349 343 344 347 347 339 343 346 344 345 345 345 345 342 337 335 340 342 342 343 346 348 347 347 349 350 351 352 345 338 340 342 343 343 342 343 345 345 344 342 343 342 340 339 341 341 339 335 328 328 318 321 320 320 319
355 357 358 357 357 354 355 353 353 353 352 352 352 349 348 346 342 342 346 349 350 349 350 351 352 352 352 352 352 352 351 349 345 343 347 346 335 340 345 345 346 346 346 346 344 344 339 334 339 342 343 346 347 347 347 349 348 349 353 351 349 348 346 342 340 341 343 345 347 347 347 346 345 339 334 328 329 318 315 308 310 312 313 309 315 318
356 357 357 357 356 355 356 355 355 352 351 351 351 351 350 349 348 346 348 349 349 350 351 352 353 353 353 353 352 352 352 350 344 345 347 348 335 335 343 345 346 348 347 348 346 344 339 336 337 336 345 344 340 343 342 347 350 351 351 351 352 349 346 339 339 339 341 344 346 348 349 349 344 338 327 328 332 323 301 296 305 314 305 295 307 314
356 355 355 356 356 355 356 356 355 354 352 351 351 351 349 349 347 346 349 350 350 350 351 352 352 353 353 353 353 352 352 350 347 346 346 348 341 333 344 346 345 347 347 346 346 343 344 338 331 327 333 331 328 340 339 343 349 354 352 349 348 343 341 336 336 335 338 340 344 347 349 350 347 343 339 334 314 296 292 294 308 311 301 292 292 311
354 353 355 357 357 356 356 356 355 354 352 352 352 350 350 350 348 345 345 349 349 349 350 352 353 353 353 354 354 354 352 350 350 351 346 349 348 333 343 345 346 347 347 342 343 344 339 338 333 329 328 329 329 331 344 348 352 353 351 346 346 339 334 332 334 331 336 338 341 344 348 348 345 341 337 327 298 286 292 303 308 308 298 289 297 314
354 354 356 357 356 356 356 356 354 354 352 352 352 351 352 352 350 347 343 349 350 350 351 352 352 353 353 354 354 353 353 350 351 349 346 351 351 341 340 344 346 345 344 344 340 343 336 339 333 331 330 331 331 332 344 350 352 350 344 338 338 338 335 333 334 328 332 336 340 344 344 344 343 339 334 326 300 292 291 300 306 299 290 292 307 315
356 356 357 356 357 357 356 356 354 353 352 352 352 353 353 353 352 351 349 351 351 351 351 351 352 353 353 353 353 354 353 350 350 345 347 351 349 340 336 346 346 347 345 344 340 340 339 331 333 334 334 331 335 333 340 347 349 343 341 342 343 342 334 336 336 329 329 332 340 346 344 343 341 337 330 325 307 296 295 300 305 297 292 300 314 317
357 357 357 357 356 357 357 356 355 354 352 351 351 352 353 352 352 351 351 350 350 350 350 351 351 352 352 354 354 353 352 350 352 348 350 351 350 346 337 342 343 343 343 342 340 336 338 333 327 329 331 336 339 338 340 345 345 344 347 348 348 343 337 336 335 330 332 332 339 345 340 341 339 332 325 316 312 301 297 302 302 296 288 302 315 318
357 357 357 358 358 357 357 356 355 354 352 350 351 350 352 352 351 351 350 350 349 350 350 350 351 351 352 353 353 352 351 351 352 352 353 349 348 350 345 342 342 343 342 340 337 331 333 323 325 331 333 333 340 343 344 345 346 347 347 348 349 347 340 340 338 330 334 334 336 338 322 331 334 321 314 305 301 298 283 298 297 289 300 303 313 316
355 356 357 357 356 357 358 356 355 354 352 350 349 350 351 351 350 350 349 350 349 349 349 350 350 351 352 352 353 352 352 351 350 352 351 352 351 351 349 340 335 336 337 338 336 330 324 326 330 328 328 332 334 339 336 342 341 345 346 348 348 348 344 344 339 336 332 333 338 327 308 325 323 322 311 300 293 292 276 285 289 284 303 307 314 314
354 355 356 357 357 358 357 357 355 354 352 350 348 348 349 349 348 349 350 350 350 350 349 349 350 350 351 352 352 351 350 351 350 351 353 353 352 350 348 345 340 334 345 341 338 334 323 321 323 325 327 329 331 332 333 333 342 347 348 348 348 348 347 344 340 341 341 339 339 322 303 312 322 310 308 298 293 290 268 274 277 287 295 303 310 310
353 355 356 356 358 357 357 356 355 354 352 350 348 347 347 346 346 348 349 350 350 350 349 349 349 350 351 351 351 350 348 348 349 351 352 352 352 351 349 347 343 346 345 344 339 334 330 326 323 324 326 327 330 333 335 339 345 347 348 348 348 348 347 342 344 346 346 343 335 314 300 301 317 310 304 300 297 286 265 269 280 294 297 302 306 306
353 353 354 356 358 357 357 356 355 353 352 350 349 346 345 344 345 347 348 350 350 350 349 349 349 349 350 351 351 349 348 348 350 352 352 352 350 351 350 348 346 348 347 346 342 335 333 330 321 323 325 327 329 333 341 334 338 346 346 347 347 347 347 344 345 348 347 345 339 326 316 303 303 308 305 299 293 282 273 272 276 283 294 298 301 304
351 351 353 355 357 357 356 355 354 352 351 349 348 347 344 342 343 343 347 349 350 349 349 348 349 349 350 350 349 348 347 348 350 350 353 351 349 347 347 348 349 349 347 347 344 342 338 335 323 323 326 328 329 332 334 338 340 345 345 345 346 344 345 345 341 343 346 345 340 316 312 300 292 299 298 296 290 275 273 281 282 285 292 298 303 302
349 351 353 354 356 356 355 354 353 351 350 348 348 346 344 342 345 345 347 349 349 349 349 349 348 349 349 349 348 346 346 348 348 349 352 351 347 346 341 342 345 347 347 345 344 345 341 330 321 321 325 328 329 330 331 335 340 334 331 335 333 328 338 341 346 343 346 335 338 327 316 305 284 292 290 296 292 278 283 294 284 288 293 299 302 303
348 349 351 351 353 354 354 352 351 350 348 347 346 345 344 342 343 346 347 348 349 349 348 349 349 348 348 347 348 346 346 346 347 348 349 350 349 345 338 343 345 344 345 344 345 345 343 331 319 322 325 328 330 332 333 336 333 328 328 327 325 323 323 335 345 342 347 334 329 340 329 318 291 290 288 291 298 282 293 296 284 290 294 299 304 302
