layers/bio6_SA.asc
ncols        300
nrows        420
xllcorner    -83.000000000000
yllcorner    -57.000000000000
cellsize     0.166666666667
NODATA_value  -9999
[rows 156 to 194 of 420, columns 87 to 173 of 300]
177 177 178 178 179 179 179 180 180 180 179 180 179 179 179 179 178 178 179 179 179 180 178 175 175 174 173 172 170 166 164 164 162 159 157 155 153 151 150 148 146 144 142 140 137 134 127 123 128 128 117 115 116 118 121 123 122 124 122 123 124 127 129 133 137 144 149 150 150 152 154 153 152 150 147 147 146 144 141 139 139 138 138 135 135 134 133
177 178 178 178 179 179 180 179 180 180 179 179 178 178 178 177 177 177 178 178 178 178 177 175 174 173 172 171 170 166 165 164 162 159 156 152 153 151 149 148 146 144 142 140 138 136 134 127 130 129 123 117 114 118 122 121 122 122 120 124 123 127 129 133 137 145 147 149 150 151 153 153 150 150 147 147 145 145 141 139 137 137 135 134 133 133 133
177 177 177 178 178 179 179 179 179 179 179 178 178 177 176 176 176 176 176 176 176 176 176 175 173 173 172 171 169 167 165 163 161 159 156 152 152 151 148 147 146 143 142 140 139 137 135 131 132 129 123 115 113 116 120 118 120 119 120 122 125 127 130 132 137 141 144 148 149 150 152 153 151 149 147 146 145 144 144 139 137 136 133 134 131 130 129
175 176 176 177 178 179 179 179 179 179 178 177 176 176 175 175 174 174 174 175 175 175 174 174 173 172 171 170 168 166 164 163 161 159 156 152 150 147 141 145 145 143 141 138 139 136 136 135 133 131 122 118 113 114 120 117 119 119 121 122 126 127 130 132 136 138 142 146 147 148 152 153 153 151 148 146 144 143 142 141 137 134 132 132 129 128 127
166 172 175 176 177 178 179 179 178 178 177 176 175 174 173 173 172 172 173 173 173 173 173 173 172 171 170 168 167 165 164 162 160 158 156 152 149 148 146 145 144 143 140 136 136 123 125 135 134 133 127 120 115 115 119 116 119 119 121 123 126 127 129 132 136 136 139 142 143 147 151 151 153 151 148 145 143 142 140 139 140 134 131 131 127 127 126
162 159 165 174 176 177 178 179 178 177 175 174 173 171 170 170 170 170 171 171 172 172 172 172 171 170 168 167 166 164 162 161 159 158 156 153 150 148 146 144 144 143 140 137 136 121 118 129 135 134 132 127 120 117 117 116 119 119 121 123 125 127 130 130 134 135 136 138 142 145 149 149 154 152 147 146 142 141 138 137 139 137 130 130 127 127 126
145 158 160 166 173 176 178 179 177 176 174 172 170 169 168 167 166 167 167 168 169 169 170 170 169 168 167 166 165 163 161 159 158 156 155 153 151 148 146 143 142 141 141 139 137 124 116 120 130 135 134 132 131 123 117 116 119 119 121 124 125 127 129 131 132 132 134 137 140 145 150 148 151 154 152 148 146 143 137 136 138 137 134 129 126 125 124
139 143 157 161 165 172 177 178 176 174 172 170 168 166 164 163 162 163 163 165 166 167 168 168 167 166 166 165 164 162 160 157 157 156 154 152 150 148 145 141 140 141 140 138 137 130 114 121 128 135 134 134 134 123 115 116 120 117 121 122 125 126 128 129 130 134 140 145 145 149 151 150 151 152 151 148 144 142 139 138 136 136 134 129 129 126 121
115 114 140 164 160 162 169 174 174 172 170 167 165 163 161 159 158 158 160 161 163 165 166 166 166 165 165 164 163 162 160 157 156 155 153 152 149 148 146 143 140 139 139 138 137 135 112 118 124 128 135 135 134 129 115 117 120 119 119 123 123 127 128 131 141 147 148 148 147 150 151 153 156 150 149 148 147 150 145 142 139 137 135 132 130 127 123
123 108 142 156 163 161 159 167 171 170 168 165 162 159 157 155 154 154 156 158 161 164 164 165 164 163 163 163 162 161 160 158 155 154 153 151 149 146 145 143 140 137 136 138 136 135 119 112 117 126 135 131 127 135 123 116 119 119 119 125 126 130 136 144 147 147 144 143 146 154 156 156 151 151 157 155 152 145 143 137 138 134 132 130 125 120 117
132 111 126 147 160 163 162 160 168 169 165 162 159 157 154 152 150 149 151 155 160 163 163 163 163 163 162 162 161 160 159 155 155 153 152 151 147 145 144 142 139 137 136 137 137 136 134 123 110 123 135 135 123 129 134 121 119 123 124 129 129 132 137 146 151 146 148 152 154 154 153 149 153 158 158 155 153 150 147 144 141 136 129 121 114 111 112
137 136 128 155 153 159 164 161 167 168 163 160 157 155 152 150 147 146 149 153 157 161 162 162 162 161 161 161 160 160 158 155 153 152 151 150 147 144 143 141 138 135 134 136 136 135 134 133 130 123 121 136 135 131 137 133 122 126 128 131 130 131 135 148 151 150 152 153 154 154 151 150 155 154 153 153 153 150 143 138 136 132 122 113 111 110 108
145 149 131 141 161 148 157 159 160 165 162 159 157 154 152 150 147 147 149 152 155 158 159 160 161 160 160 160 159 159 158 156 153 150 150 149 146 143 142 140 138 135 133 133 135 133 132 133 133 133 129 136 137 136 137 138 134 130 133 133 135 133 138 149 151 151 152 154 155 153 150 152 151 147 143 148 149 149 144 135 122 117 114 113 112 110 109
140 152 143 133 155 159 149 151 152 162 158 157 156 154 152 150 149 148 150 152 154 156 158 159 159 160 160 160 159 159 159 158 154 150 149 146 146 143 140 138 137 134 131 131 133 133 132 133 133 133 134 137 138 138 138 139 139 135 139 138 141 141 147 151 152 151 153 155 153 146 142 150 148 149 148 144 142 145 140 132 123 119 118 115 111 111 109
109 143 155 151 151 161 154 146 141 153 158 154 154 153 152 151 150 150 151 152 154 155 157 158 158 159 159 159 159 159 158 158 155 152 148 144 142 142 138 135 133 133 130 129 130 132 130 130 132 133 135 137 138 139 139 137 137 140 144 147 146 148 148 152 153 153 154 155 147 143 147 149 149 150 151 150 134 136 132 126 123 121 118 115 112 109 106
57 120 143 152 149 138 153 153 136 132 150 154 151 153 152 151 151 151 152 152 153 155 155 156 157 158 158 159 158 158 158 159 158 154 149 145 141 139 136 132 128 129 128 126 128 129 127 128 131 133 135 137 138 134 132 139 137 144 147 149 150 149 149 151 154 154 155 151 140 144 150 149 151 152 156 158 156 143 126 122 125 126 123 117 113 110 104
-9 25 128 137 143 138 127 137 145 132 132 147 151 150 153 152 152 152 152 152 154 154 155 155 156 157 157 158 158 158 158 158 157 154 147 140 137 136 134 132 129 126 124 124 127 127 126 128 131 133 135 137 138 138 122 137 141 146 148 150 151 151 148 153 155 155 154 141 144 154 148 152 152 156 160 161 158 146 127 121 128 134 124 118 120 111 103
-99 -32 81 120 124 133 117 128 119 134 126 135 149 150 153 152 152 152 152 152 154 154 154 154 155 156 156 157 157 158 158 157 155 152 148 142 139 134 130 130 128 125 124 123 123 122 124 127 130 132 135 137 139 138 120 128 143 146 149 151 153 152 152 155 155 154 149 145 157 157 155 158 157 158 160 161 157 150 132 122 131 138 131 122 120 119 115
-82 -77 14 90 112 108 105 109 119 123 121 116 134 149 152 152 152 152 152 152 153 153 154 154 155 155 156 156 156 157 157 157 155 150 142 139 137 131 128 128 127 124 121 120 119 119 121 125 129 132 134 136 138 134 123 137 149 151 152 151 154 153 155 156 156 151 145 157 160 160 160 160 161 160 160 160 158 154 145 126 130 139 135 129 125 126 122
-54 -79 -62 26 88 93 89 96 100 103 107 110 111 129 147 151 152 152 152 153 153 152 153 153 153 154 155 155 156 156 156 156 155 150 143 137 136 129 126 127 125 123 119 118 116 116 120 124 127 130 133 136 138 140 142 148 152 154 155 154 156 153 155 157 157 148 151 160 161 163 161 162 162 162 161 160 157 155 134 128 132 141 137 132 132 130 124
-49 -50 -61 -64 33 86 82 85 53 61 92 97 92 103 133 147 151 152 152 152 152 151 152 152 153 153 154 154 155 155 155 155 155 154 150 145 141 134 124 125 125 124 120 117 114 113 117 121 125 130 134 138 141 144 147 150 154 156 157 157 157 155 157 158 156 149 157 160 162 163 164 163 163 162 161 160 159 157 152 138 140 144 139 138 135 132 128
-57 -53 -26 -44 -54 29 74 77 40 3 64 58 74 76 95 128 148 152 152 152 151 150 151 152 152 152 153 153 154 154 154 155 155 155 154 152 144 137 129 129 128 124 120 118 116 115 116 121 128 133 137 141 145 148 150 152 153 157 158 159 159 158 159 159 156 157 161 162 163 164 164 164 163 162 161 160 159 157 154 149 149 136 136 138 138 133 128
-64 -61 -46 -7 10 12 -18 37 30 -4 45 -10 13 67 63 94 133 149 151 151 149 149 151 151 151 151 152 152 153 153 153 154 154 155 154 153 149 141 137 136 130 125 124 122 120 118 121 124 130 134 138 141 144 147 150 154 156 157 159 160 160 160 160 160 161 161 162 163 164 164 164 165 164 163 162 160 159 157 155 153 151 139 134 134 139 134 121
-70 -66 -61 -36 22 -28 -98 -27 25 26 17 -60 -45 19 27 74 104 133 147 149 148 149 150 151 151 151 151 151 151 152 152 152 153 155 155 152 150 148 143 137 133 131 127 125 125 127 127 130 133 134 139 143 147 150 152 155 157 159 160 160 161 160 161 161 161 162 163 163 164 164 165 165 164 163 162 161 160 158 156 155 153 144 136 136 138 134 121
-78 -77 -62 -61 -41 -23 -73 -77 -5 16 21 -28 -58 -57 6 45 82 100 132 139 145 147 149 150 151 151 151 151 151 150 150 150 152 156 154 151 150 148 146 143 138 134 131 131 131 131 133 134 135 136 138 142 147 146 153 155 157 159 160 161 161 161 161 162 162 163 163 164 164 165 165 165 165 164 163 162 161 159 158 156 154 147 137 133 133 126 125
-70 -83 -67 -60 -81 -66 -67 -80 -72 -11 -10 -19 -65 -39 -43 3 6 31 92 103 120 135 140 147 149 151 151 150 150 150 149 148 150 153 151 150 149 148 147 145 142 140 136 135 135 135 135 136 136 138 139 143 147 150 153 152 157 159 160 161 162 162 162 163 163 163 164 164 165 165 165 165 165 164 163 163 161 160 159 157 156 145 138 135 132 131 128
-63 -66 -64 -62 -69 -65 -72 -79 -79 -57 -46 -40 -7 26 19 -4 -3 -20 7 61 94 103 116 126 135 142 148 148 149 149 149 149 151 149 149 150 149 148 147 145 143 141 140 139 138 137 138 139 140 140 141 142 142 148 152 151 157 159 160 160 161 162 162 163 163 164 164 165 165 165 165 165 165 165 164 163 161 161 160 157 156 145 138 136 133 131 128
-65 -66 -67 -65 -65 -62 -68 -72 -80 -86 -72 -27 8 21 17 24 16 -17 7 12 20 36 52 102 102 115 131 141 145 148 149 152 155 155 152 151 150 148 147 146 144 142 139 140 140 140 141 142 143 141 143 147 147 151 152 149 155 158 159 159 161 160 160 162 163 164 165 165 165 166 165 165 165 164 163 162 162 161 159 157 154 148 140 135 135 134 133
-70 -74 -77 -68 -62 -60 -61 -71 -79 -88 -81 -61 -20 16 12 17 -2 -11 21 31 25 34 45 69 67 84 109 120 127 139 147 150 154 155 154 152 150 149 147 146 145 143 142 141 139 140 142 143 143 143 146 149 147 147 147 147 150 155 157 157 159 159 159 160 163 164 165 166 166 166 166 165 164 164 163 162 161 160 159 158 157 151 141 143 140 137 143
-84 -81 -81 -80 -68 -62 -66 -81 -93 -90 -86 -68 -42 -16 15 30 19 20 35 41 44 54 56 65 68 83 99 98 118 120 141 147 152 153 153 152 150 149 147 146 144 143 142 142 141 138 137 138 139 141 144 148 153 146 137 137 135 143 152 152 157 158 157 157 162 157 166 166 166 166 166 165 165 164 163 162 160 159 158 157 157 153 147 151 149 146 147
-108 -93 -78 -75 -90 -70 -72 -84 -93 -95 -93 -69 -50 -38 -1 3 37 35 38 43 55 69 80 88 88 92 98 89 103 116 138 141 149 151 150 150 149 148 146 145 144 144 143 143 143 141 137 136 136 134 138 144 153 154 151 148 145 142 148 149 151 151 156 155 156 161 166 167 167 167 166 166 165 164 162 161 160 159 158 157 156 155 146 149 149 148 149
-93 -77 -73 -73 -77 -73 -72 -78 -80 -84 -91 -66 -34 -52 -6 19 29 43 37 43 48 66 65 66 87 68 89 93 98 114 131 139 145 147 147 147 147 146 146 145 144 144 143 143 143 143 141 139 139 140 138 147 139 145 154 153 151 142 142 146 146 149 153 153 155 162 166 168 168 168 167 166 165 164 162 161 160 158 158 156 155 152 145 149 149 146 147
-69 -69 -70 -71 -71 -69 -68 -69 -68 -79 -89 -64 -45 -35 -21 16 36 49 52 56 54 72 67 63 80 72 80 70 93 105 130 136 142 144 144 145 145 145 145 144 144 143 143 143 143 143 143 140 139 142 139 146 150 145 146 147 152 149 144 144 144 144 146 150 156 165 168 169 169 168 167 166 165 164 163 161 160 158 157 156 155 152 149 151 148 146 147
-69 -67 -68 -68 -68 -67 -64 -61 -57 -59 -78 -68 -45 -21 -30 -17 22 41 40 69 72 73 89 90 93 98 63 69 100 114 131 134 138 140 141 143 143 143 144 144 143 143 143 143 141 142 141 140 140 141 141 142 148 149 150 149 149 149 150 150 152 152 153 156 158 166 170 170 170 169 168 166 165 164 162 161 159 158 157 155 155 146 150 151 149 150 149
-69 -72 -65 -65 -66 -67 -59 -55 -48 -41 -48 -71 -52 -27 -23 -38 -15 2 31 53 71 47 68 81 90 92 70 93 111 131 129 133 134 136 139 141 142 142 143 143 143 142 142 141 141 139 138 137 139 140 143 140 141 145 147 148 149 150 150 151 153 154 155 157 163 169 172 172 171 169 168 167 165 163 162 161 159 158 156 156 155 142 149 150 149 148 147
-69 -71 -63 -62 -62 -64 -58 -54 -44 -35 -54 -73 -84 -65 -27 -63 -32 -8 16 49 63 43 65 67 64 103 98 106 123 129 128 130 131 134 137 139 141 142 141 140 140 139 138 138 137 136 135 137 137 140 142 141 138 138 140 143 146 148 150 151 152 153 155 155 162 173 174 173 171 170 168 167 165 163 162 160 159 158 157 156 151 141 145 144 149 149 147
-83 -64 -62 -60 -59 -57 -55 -50 -42 -35 -45 -72 -77 -73 -53 -32 -40 2 20 46 40 25 51 74 64 84 106 114 123 124 121 125 128 132 136 139 140 140 140 139 139 137 137 138 139 138 137 136 137 140 141 140 139 136 135 136 140 145 148 150 152 153 155 154 160 169 172 173 171 169 168 166 164 163 161 160 159 158 157 157 149 142 140 138 149 152 150
-67 -66 -62 -60 -58 -57 -55 -50 -43 -38 -44 -89 -77 -63 -56 -62 -16 -20 18 44 35 25 18 51 75 82 105 112 112 115 113 119 125 129 134 137 139 139 139 139 139 138 137 138 139 139 138 136 137 139 140 140 138 137 136 135 135 140 146 150 152 154 156 155 164 155 170 171 170 168 167 165 163 162 161 159 158 158 158 157 149 148 135 134 142 151 151
-69 -67 -62 -60 -58 -57 -54 -53 -49 -45 -58 -95 -100 -87 -56 -41 -29 -53 -11 34 35 53 27 46 74 82 93 105 110 111 106 110 121 126 132 135 136 137 137 137 137 137 137 137 137 137 139 139 136 137 139 139 139 138 136 136 135 138 145 150 152 155 157 160 164 166 167 169 168 167 166 164 162 161 159 158 157 157 157 153 151 153 140 136 140 150 150
