layers/bio6_SA.asc
ncols        300
nrows        420
xllcorner    -83.000000000000
yllcorner    -57.000000000000
cellsize     0.166666666667
NODATA_value  -9999
[rows 117 to 155 of 420, columns 174 to 260 of 300]
174 170 171 171 171 172 173 172 168 171 172 171 171 171 172 175 175 175 176 177 180 181 183 186 186 185 188 192 190 191 190 191 189 184 185 181 172 169 169 168 167 166 163 161 166 168 166 172 168 169 170 169 171 174 178 182 184 190 188 191 193 196 194 196 200 201 205 201 197 192 182 181 181 176 174 175 181 174 168 165 175 181 183 185 192 194 198
173 172 169 168 169 170 171 168 165 165 162 164 169 170 172 173 173 174 174 173 177 179 181 183 184 185 188 189 188 190 191 190 188 185 185 182 175 173 176 174 172 171 168 167 167 168 169 168 165 166 170 173 176 181 184 185 185 185 191 197 199 201 204 204 207 209 207 202 200 196 190 185 181 174 173 177 180 175 173 172 176 176 178 188 190 188 189
171 171 169 169 167 168 168 165 165 167 165 166 164 167 170 171 172 172 166 165 172 176 178 181 181 184 187 187 188 189 188 188 188 186 186 183 178 177 181 180 178 175 174 173 170 169 166 168 174 175 178 177 176 181 185 184 185 189 195 196 197 201 203 205 205 206 203 201 200 195 193 189 181 175 172 181 186 181 184 185 184 177 179 185 186 176 186
170 170 167 165 167 168 169 167 167 165 163 163 165 167 169 170 168 168 165 165 169 173 177 179 181 183 185 185 187 187 186 187 186 184 186 184 181 184 186 180 180 177 175 174 170 167 169 170 169 177 182 185 186 188 188 191 189 191 194 192 195 199 202 203 203 204 202 201 199 194 189 187 187 181 181 188 184 184 186 186 181 178 175 177 174 173 178
168 168 168 164 163 165 165 165 166 162 160 161 163 167 168 170 170 171 172 171 171 170 175 179 180 182 185 185 186 186 184 186 183 181 186 185 187 190 191 189 184 181 175 171 169 172 174 178 177 180 184 186 185 187 186 188 191 189 189 188 192 198 201 200 200 200 198 198 197 192 189 187 186 186 187 186 187 187 185 179 170 166 163 163 154 158 149
166 165 168 165 164 163 163 164 164 160 153 154 161 166 165 167 170 168 169 168 166 166 175 178 177 181 183 183 185 183 183 184 182 182 184 184 186 189 191 193 189 185 182 179 177 177 179 181 182 183 183 182 184 184 187 189 188 187 186 188 191 197 199 195 195 196 193 194 195 189 186 185 185 184 185 189 186 190 186 169 160 155 155 153 151 154 146
165 165 166 166 163 162 164 164 163 160 153 155 161 163 166 166 169 164 162 164 166 165 174 176 179 180 180 182 183 183 183 183 180 182 185 186 188 190 192 192 190 187 184 183 179 178 178 182 181 180 180 181 183 183 183 187 185 186 183 186 192 194 196 191 189 193 189 191 193 190 186 183 184 183 185 189 191 190 184 169 159 159 158 162 152 168 161
163 163 164 164 162 160 162 163 163 162 159 162 163 157 159 163 166 167 166 166 167 168 173 176 178 180 180 180 182 182 183 182 179 183 185 186 189 190 190 189 188 186 185 183 181 175 176 179 180 177 178 181 178 180 182 185 184 182 181 185 190 196 192 186 187 187 186 189 189 185 185 182 180 186 186 183 185 183 178 169 160 166 165 168 166 166 165
159 162 163 163 163 163 162 162 162 160 161 157 155 155 157 165 168 168 169 170 170 172 175 176 177 178 178 178 180 182 182 181 178 182 184 187 188 188 188 187 187 184 182 181 181 175 178 175 179 175 183 178 179 178 181 182 183 181 181 183 189 194 185 183 185 182 182 188 185 182 182 182 179 182 186 184 182 180 176 171 162 164 166 168 169 168 167
158 161 162 162 161 162 160 163 163 160 160 155 150 155 163 167 167 166 168 169 168 171 174 172 177 176 177 175 179 180 180 178 175 183 185 186 187 186 186 186 185 181 181 178 177 176 176 171 177 174 183 177 174 176 178 181 179 181 177 184 190 193 185 181 181 180 185 185 184 180 179 180 179 180 181 182 179 175 171 162 153 160 165 168 169 170 170
160 161 161 161 161 161 161 163 161 162 158 155 151 156 165 166 167 164 162 165 170 175 176 175 177 177 177 174 178 178 179 176 173 182 184 184 185 185 182 183 183 181 179 174 175 174 177 170 175 179 180 175 171 175 181 179 176 179 177 181 187 191 183 180 178 179 182 180 179 180 178 176 179 177 178 178 175 172 167 157 157 158 160 165 169 171 170
159 160 160 161 158 160 160 162 162 161 156 153 153 156 165 167 166 167 167 169 173 175 176 176 177 177 176 178 178 179 178 174 175 181 182 185 183 185 184 182 181 181 177 170 171 171 173 167 173 181 175 171 172 177 179 183 179 174 178 182 190 188 178 176 175 177 179 173 175 176 178 177 177 179 177 174 169 165 159 159 159 161 162 161 166 172 175
158 158 158 160 159 158 159 161 162 163 163 160 161 158 164 166 163 162 170 172 174 175 176 177 177 177 177 179 179 179 178 177 173 181 182 184 183 183 183 181 180 179 174 168 170 174 171 167 173 179 174 178 173 176 181 176 176 174 180 187 189 183 176 173 172 175 170 167 168 172 172 179 180 179 172 170 167 162 160 160 160 159 160 162 165 170 176
157 157 158 159 159 156 159 162 162 162 164 160 162 160 163 167 166 161 169 171 175 176 176 178 179 179 180 180 180 180 179 174 173 180 182 183 181 182 182 179 178 177 172 170 172 171 168 171 176 175 171 175 173 171 177 175 171 180 187 189 188 177 171 170 169 170 164 162 161 166 175 180 180 178 172 163 164 162 161 160 160 157 158 160 164 168 170
155 156 158 158 158 157 159 161 161 162 164 165 161 161 162 166 167 163 168 168 173 176 177 178 180 181 181 181 180 180 177 176 175 181 182 183 182 181 181 179 178 176 168 170 167 167 170 173 175 171 170 170 166 173 176 170 178 184 191 184 185 177 169 167 165 163 160 163 167 174 179 180 179 174 168 167 167 164 160 160 160 158 159 158 163 162 162
154 156 157 157 157 157 159 160 160 160 161 164 163 163 161 166 167 169 172 174 175 176 178 180 181 182 180 181 182 181 178 174 177 182 183 182 180 180 180 180 179 175 168 168 165 167 167 172 174 168 165 163 168 171 170 169 175 184 189 182 175 179 168 162 163 164 167 168 171 176 179 180 181 173 169 167 167 166 162 157 157 158 159 160 161 159 159
155 155 155 157 157 158 158 159 158 160 163 164 166 166 163 165 167 169 173 173 178 179 180 182 182 182 182 182 182 181 178 175 179 182 181 181 181 181 181 180 179 176 172 166 166 168 168 165 172 169 163 161 167 161 160 164 176 184 182 174 167 171 167 163 169 169 169 170 174 177 178 181 179 175 174 172 168 166 163 158 156 156 157 156 158 155 153
154 154 154 156 156 157 157 159 161 161 163 165 164 166 162 162 166 168 176 177 179 180 182 183 183 183 183 182 182 181 176 174 180 183 180 178 181 180 180 178 177 177 175 168 164 166 166 169 167 166 162 160 156 158 161 166 177 178 172 168 164 163 166 168 165 165 169 173 174 177 183 187 185 179 173 171 170 167 163 160 158 156 156 151 155 154 152
152 153 155 155 155 156 159 160 162 162 164 165 163 166 166 164 166 172 176 178 179 181 183 184 183 183 183 183 182 181 175 178 182 183 179 178 180 179 179 178 175 174 172 169 164 164 166 167 163 166 166 161 161 165 167 170 172 168 164 159 160 164 168 167 167 168 169 171 173 180 188 194 187 185 179 173 169 160 158 159 157 155 154 153 153 152 152
151 153 154 154 154 155 156 159 161 163 165 165 165 164 165 166 170 176 178 179 181 183 184 185 184 184 184 183 182 182 176 178 181 182 174 177 179 176 176 175 175 174 170 163 160 163 164 162 161 162 163 160 159 160 162 162 165 159 154 157 162 164 166 166 168 169 170 171 172 180 187 192 188 185 179 172 165 158 158 151 154 153 153 153 153 152 151
152 152 153 152 154 154 157 159 160 162 164 165 166 167 165 166 173 177 179 180 181 183 185 185 185 185 185 184 183 182 178 176 182 181 170 173 177 176 176 175 173 172 170 168 162 155 158 158 158 158 157 155 154 155 153 155 159 158 158 160 160 160 160 164 167 168 170 171 173 176 182 182 178 170 168 155 150 144 146 149 150 146 151 154 152 150 153
150 151 151 152 154 155 157 157 159 161 164 166 168 169 170 171 175 178 180 182 183 185 186 186 186 185 185 184 183 182 176 179 182 183 168 167 173 173 173 174 173 172 169 166 160 155 154 151 156 153 147 147 144 147 150 150 150 152 154 154 155 153 156 159 163 166 168 169 171 173 174 174 166 167 169 160 140 136 144 153 146 137 148 154 153 154 152
147 149 150 151 153 155 157 157 158 161 163 166 167 169 171 172 177 180 182 183 185 186 187 187 187 186 185 184 182 180 178 177 181 182 171 162 170 171 170 171 170 168 167 163 162 155 147 141 143 138 133 140 138 138 143 147 145 142 143 142 144 146 152 154 159 162 164 166 167 169 171 172 172 170 153 137 134 137 150 153 146 138 139 158 159 161 157
146 149 150 151 152 154 155 157 158 161 164 165 168 171 172 172 174 180 182 183 185 187 188 188 187 187 186 184 182 179 178 180 178 179 172 159 166 168 169 169 169 164 164 163 158 154 147 141 137 134 131 129 137 139 140 140 137 133 134 132 133 139 148 151 159 161 161 162 164 165 167 168 167 162 139 130 136 147 152 153 146 139 150 166 162 164 160
145 147 148 149 150 153 153 156 157 160 163 166 170 173 175 175 173 181 184 185 187 188 189 189 188 187 186 183 181 177 177 174 172 172 168 161 161 164 166 166 166 165 161 162 155 154 147 142 137 134 130 127 133 136 136 132 125 121 122 124 129 137 148 148 155 161 162 160 158 160 163 164 163 159 141 136 137 146 151 147 141 144 161 167 164 163 162
145 145 147 148 149 152 152 154 156 159 163 167 172 175 178 180 181 185 187 188 188 189 189 189 188 187 185 184 181 176 173 168 167 163 162 158 157 164 166 167 166 165 161 160 158 149 147 144 140 133 131 125 126 129 129 123 119 119 121 124 126 140 150 152 157 160 163 160 155 157 160 161 160 158 147 142 143 148 152 147 144 152 165 166 164 163 163
144 144 144 146 149 150 151 153 155 158 162 167 172 175 178 182 184 186 188 189 189 189 189 189 189 187 186 183 180 175 175 169 167 165 163 162 157 161 164 164 165 164 162 157 157 151 144 142 139 137 134 127 123 124 124 122 122 121 123 125 128 140 151 156 165 167 167 160 151 154 157 157 156 153 152 147 146 152 152 148 142 154 165 166 167 165 164
142 143 144 145 147 148 150 152 154 156 161 164 170 175 179 182 185 188 189 190 190 190 190 189 188 187 185 183 179 176 175 173 171 164 163 165 163 162 162 165 164 163 160 155 155 144 143 145 142 136 135 131 125 122 123 123 122 122 125 129 131 143 154 158 168 170 166 155 138 147 154 150 151 148 148 148 139 151 151 144 154 157 163 164 166 164 162
140 141 141 142 145 146 148 150 153 155 159 164 170 174 178 182 186 189 190 190 191 190 190 189 188 187 186 183 180 177 174 173 170 169 167 167 166 160 157 158 160 162 160 155 149 149 150 145 141 138 133 129 122 121 119 121 122 124 127 131 135 144 153 160 165 168 166 145 127 142 146 152 150 147 144 146 137 144 146 142 157 161 165 164 164 162 161
139 138 139 141 142 145 146 149 152 154 157 162 167 173 177 181 186 190 191 191 191 190 189 189 188 187 185 182 179 178 174 173 172 171 169 168 166 164 160 156 167 165 163 160 151 148 147 146 144 140 135 129 123 118 121 124 126 127 130 133 138 142 147 157 163 165 161 138 122 132 144 141 146 144 144 145 134 138 138 144 150 158 163 162 162 164 162
137 136 137 138 140 142 145 148 151 154 157 160 165 170 175 180 185 189 191 191 191 190 189 188 187 186 184 181 177 176 174 174 173 171 170 168 167 165 163 166 167 168 165 162 160 155 151 149 147 144 139 134 129 125 127 128 129 130 132 135 139 139 147 153 156 158 150 128 118 121 138 138 139 142 143 141 130 133 137 149 152 157 161 160 162 163 165
134 134 135 135 137 140 143 147 150 153 157 159 163 167 172 178 183 187 189 190 190 189 189 188 187 186 184 181 178 176 176 176 174 171 168 168 167 166 165 168 169 171 169 165 164 163 154 154 152 149 145 140 139 129 127 132 132 132 134 137 140 141 146 152 154 155 151 137 128 121 125 133 136 137 137 132 128 129 132 139 149 153 157 160 163 164 165
133 133 133 132 134 138 142 145 148 152 156 159 161 165 170 173 181 185 187 188 188 188 187 187 186 185 182 180 178 176 176 176 175 171 167 165 164 165 167 169 170 173 173 174 172 171 160 159 158 155 151 147 141 138 135 136 135 135 137 138 140 143 143 148 154 155 151 128 125 118 115 124 128 131 131 121 121 131 136 141 149 155 160 161 165 163 166
134 133 132 132 134 137 141 144 147 151 155 159 161 164 170 174 179 183 185 186 187 187 187 186 185 184 182 178 177 176 175 176 175 171 166 164 158 160 163 167 170 172 175 179 179 170 162 162 163 161 158 152 145 140 139 131 127 129 129 127 137 142 150 149 155 146 151 140 130 122 109 118 120 130 130 120 128 142 137 144 151 158 161 164 166 163 167
133 132 132 133 135 137 140 143 146 150 154 157 161 163 167 174 177 181 183 184 185 186 186 185 184 182 182 179 178 176 175 175 174 171 168 163 156 159 162 164 169 173 178 182 184 176 165 167 167 167 165 160 151 144 136 129 128 127 125 125 127 140 151 151 158 147 143 155 144 135 114 116 118 125 137 123 138 144 137 147 154 160 163 165 167 167 169
133 133 132 134 136 138 140 143 146 149 152 156 159 162 165 172 177 180 182 183 184 185 185 184 183 181 182 180 179 176 175 175 172 169 168 163 160 159 163 167 171 175 179 183 184 182 168 168 170 170 168 163 152 143 137 133 130 128 128 128 137 150 155 154 160 148 139 156 154 144 119 114 116 127 137 139 148 147 140 147 153 160 164 165 168 171 172
132 133 133 134 136 138 140 143 145 148 151 155 158 161 166 171 176 178 180 182 183 183 184 183 181 180 181 181 179 177 175 174 170 168 167 163 160 160 162 166 171 174 176 183 185 184 171 167 168 169 167 162 153 144 138 134 132 130 130 133 150 154 158 160 162 159 143 152 155 150 122 114 116 123 121 135 159 149 141 150 160 159 167 169 168 172 174
133 132 133 135 136 137 141 142 145 147 150 153 156 161 166 171 175 177 179 180 182 183 183 181 181 180 180 181 179 177 175 173 167 163 167 160 161 163 165 167 170 174 169 179 184 182 166 165 167 166 164 159 152 146 140 135 133 132 132 140 150 156 159 162 164 159 149 145 154 152 130 116 112 118 115 123 160 151 144 149 163 166 169 170 168 167 171
133 132 133 134 136 137 140 142 144 147 149 153 155 160 165 170 173 176 178 180 181 182 182 181 179 180 180 181 179 177 175 173 164 161 168 160 160 167 168 170 171 168 166 170 177 176 165 163 163 163 161 157 151 145 140 138 136 134 135 144 151 157 161 164 164 159 146 134 151 152 140 120 107 112 111 114 142 154 154 154 162 164 160 157 156 161 168
