layers/bio6_SA.asc
ncols        300
nrows        420
xllcorner    -83.000000000000
yllcorner    -57.000000000000
cellsize     0.166666666667
NODATA_value  -9999
[rows 0 to 38 of 420, columns 0 to 86 of 300]
-9999 -9999 -9999 -9999 -9999 -9999 -9999 -9999 -9999 -9999 -9999 -9999 -9999 -9999 -9999 -9999 -9999 -9999 -9999 -9999 -9999 -9999 -9999 -9999 -9999 -9999 -9999 -9999 -9999 -9999 -9999 -9999 -9999 -9999 -9999 -9999 -9999 -9999 -9999 -9999 -9999 -9999 -9999 -9999 -9999 -9999 -9999 -9999 -9999 -9999 -9999 -9999 -9999 -9999 -9999 -9999 -9999 -9999 -9999 -9999 -9999 -9999 -9999 -9999 -9999 -9999 -9999 -9999 -9999 -9999 -9999 -9999 -9999 -9999 -9999 -9999 -9999 -9999 -9999 -9999 -9999 -9999 -9999 -9999 -9999 -9999 -9999
-9999 -9999 -9999 -9999 -9999 -9999 -9999 -9999 -9999 -9999 -9999 -9999 -9999 -9999 -9999 -9999 -9999 -9999 -9999 -9999 -9999 -9999 -9999 -9999 -9999 -9999 -9999 -9999 -9999 -9999 -9999 -9999 -9999 -9999 -9999 -9999 -9999 -9999 -9999 -9999 -9999 -9999 -9999 -9999 -9999 -9999 -9999 -9999 -9999 -9999 -9999 -9999 -9999 -9999 -9999 -9999 -9999 -9999 -9999 -9999 -9999 -9999 -9999 -9999 -9999 -9999 -9999 -9999 -9999 -9999 -9999 -9999 -9999 -9999 -9999 -9999 -9999 -9999 -9999 -9999 -9999 -9999 -9999 -9999 -9999 -9999 -9999
-9999 -9999 -9999 -9999 -9999 -9999 -9999 -9999 -9999 -9999 -9999 -9999 -9999 -9999 -9999 -9999 -9999 -9999 -9999 -9999 -9999 -9999 -9999 -9999 -9999 -9999 -9999 -9999 -9999 -9999 -9999 -9999 -9999 -9999 -9999 -9999 -9999 -9999 -9999 -9999 -9999 -9999 -9999 -9999 -9999 -9999 -9999 -9999 -9999 -9999 -9999 -9999 -9999 -9999 -9999 -9999 -9999 -9999 -9999 -9999 -9999 -9999 -9999 -9999 -9999 -9999 -9999 -9999 -9999 -9999 -9999 -9999 -9999 -9999 -9999 -9999 -9999 230 227 -9999 -9999 -9999 -9999 -9999 -9999 -9999 -9999
-9999 -9999 -9999 -9999 -9999 -9999 -9999 -9999 -9999 -9999 -9999 -9999 -9999 -9999 -9999 -9999 -9999 -9999 -9999 -9999 -9999 -9999 -9999 -9999 -9999 -9999 -9999 -9999 -9999 -9999 -9999 -9999 -9999 -9999 -9999 -9999 -9999 -9999 -9999 -9999 -9999 -9999 -9999 -9999 -9999 -9999 -9999 -9999 -9999 -9999 -9999 -9999 -9999 -9999 -9999 -9999 -9999 -9999 -9999 -9999 -9999 -9999 -9999 -9999 -9999 -9999 232 232 231 227 223 -9999 -9999 -9999 -9999 -9999 -9999 231 228 -9999 -9999 -9999 -9999 233 -9999 -9999 -9999
220 -9999 -9999 -9999 -9999 -9999 -9999 -9999 -9999 -9999 -9999 -9999 -9999 -9999 -9999 -9999 -9999 -9999 -9999 -9999 -9999 -9999 -9999 -9999 -9999 -9999 -9999 -9999 -9999 -9999 -9999 -9999 -9999 -9999 -9999 -9999 -9999 -9999 -9999 -9999 -9999 -9999 -9999 -9999 -9999 -9999 -9999 -9999 -9999 -9999 -9999 -9999 -9999 -9999 -9999 -9999 -9999 -9999 -9999 -9999 -9999 -9999 -9999 -9999 232 232 232 229 224 223 221 221 -9999 -9999 -9999 -9999 -9999 228 227 -9999 -9999 -9999 -9999 232 233 -9999 -9999
-9999 -9999 -9999 -9999 -9999 -9999 -9999 -9999 -9999 -9999 -9999 -9999 -9999 -9999 -9999 -9999 -9999 -9999 -9999 -9999 -9999 -9999 -9999 -9999 -9999 -9999 -9999 -9999 -9999 -9999 -9999 -9999 -9999 -9999 -9999 -9999 -9999 -9999 -9999 -9999 -9999 -9999 -9999 -9999 -9999 -9999 -9999 -9999 -9999 -9999 -9999 -9999 -9999 -9999 -9999 -9999 -9999 -9999 -9999 -9999 -9999 -9999 -9999 -9999 233 232 231 228 217 217 222 223 -9999 -9999 -9999 -9999 226 224 224 225 -9999 -9999 -9999 234 233 232 -9999
-9999 -9999 -9999 -9999 -9999 -9999 -9999 -9999 -9999 -9999 -9999 -9999 -9999 -9999 -9999 -9999 -9999 -9999 -9999 -9999 -9999 -9999 -9999 -9999 -9999 -9999 -9999 -9999 -9999 -9999 -9999 -9999 -9999 -9999 -9999 -9999 -9999 -9999 -9999 -9999 -9999 -9999 -9999 -9999 -9999 -9999 -9999 -9999 -9999 -9999 -9999 -9999 -9999 -9999 -9999 -9999 -9999 -9999 -9999 -9999 -9999 -9999 -9999 232 233 231 226 223 225 228 228 -9999 -9999 -9999 -9999 -9999 224 220 217 224 -9999 -9999 -9999 -9999 -9999 -9999 233
-9999 -9999 -9999 -9999 -9999 -9999 -9999 -9999 -9999 -9999 -9999 -9999 -9999 -9999 -9999 -9999 -9999 -9999 -9999 -9999 -9999 -9999 -9999 -9999 -9999 -9999 -9999 -9999 -9999 -9999 -9999 -9999 -9999 -9999 -9999 -9999 -9999 -9999 -9999 -9999 -9999 -9999 -9999 -9999 -9999 -9999 -9999 -9999 -9999 -9999 -9999 -9999 -9999 -9999 -9999 -9999 -9999 -9999 -9999 -9999 -9999 224 228 231 232 231 227 224 229 230 -9999 -9999 -9999 -9999 -9999 -9999 223 221 219 221 -9999 -9999 -9999 -9999 -9999 -9999 -9999
-9999 -9999 -9999 -9999 -9999 -9999 -9999 -9999 -9999 -9999 -9999 -9999 -9999 -9999 -9999 -9999 -9999 -9999 -9999 -9999 -9999 -9999 -9999 -9999 -9999 -9999 -9999 -9999 -9999 -9999 -9999 -9999 -9999 -9999 -9999 -9999 -9999 -9999 -9999 -9999 -9999 -9999 -9999 -9999 -9999 -9999 -9999 -9999 -9999 -9999 -9999 -9999 -9999 -9999 -9999 -9999 -9999 -9999 -9999 217 218 222 225 228 231 232 232 231 -9999 -9999 -9999 -9999 -9999 -9999 -9999 -9999 222 222 222 221 213 207 202 -9999 -9999 -9999 -9999
-9999 -9999 -9999 -9999 -9999 -9999 -9999 -9999 -9999 -9999 -9999 -9999 -9999 -9999 -9999 -9999 -9999 -9999 -9999 -9999 -9999 -9999 -9999 -9999 -9999 -9999 -9999 -9999 -9999 -9999 -9999 -9999 -9999 -9999 -9999 -9999 -9999 -9999 -9999 -9999 -9999 -9999 -9999 -9999 -9999 -9999 -9999 -9999 -9999 -9999 -9999 -9999 -9999 222 221 -9999 -9999 -9999 216 215 216 219 223 226 229 230 230 -9999 -9999 -9999 -9999 -9999 -9999 -9999 -9999 -9999 221 220 219 218 208 194 196 203 210 211 215
-9999 -9999 -9999 -9999 -9999 -9999 -9999 -9999 -9999 -9999 -9999 -9999 -9999 -9999 -9999 -9999 -9999 -9999 -9999 -9999 -9999 -9999 -9999 -9999 -9999 -9999 -9999 -9999 -9999 -9999 -9999 -9999 -9999 -9999 -9999 -9999 -9999 -9999 -9999 -9999 -9999 -9999 -9999 -9999 -9999 -9999 -9999 -9999 -9999 -9999 -9999 -9999 218 194 190 207 207 213 211 211 213 216 218 220 224 227 229 -9999 -9999 -9999 -9999 -9999 225 224 222 219 216 212 196 184 163 185 193 203 206 207 211
-9999 -9999 -9999 -9999 -9999 -9999 -9999 -9999 -9999 -9999 -9999 -9999 -9999 -9999 -9999 -9999 -9999 -9999 -9999 -9999 -9999 -9999 -9999 -9999 -9999 -9999 -9999 -9999 -9999 -9999 -9999 -9999 -9999 -9999 -9999 -9999 -9999 -9999 -9999 -9999 -9999 -9999 -9999 -9999 -9999 -9999 -9999 -9999 236 235 229 -9999 207 143 138 153 139 144 147 190 185 197 205 194 214 227 228 228 228 -9999 227 226 224 221 218 212 207 203 190 171 180 192 199 200 199 200 208
-9999 -9999 -9999 -9999 -9999 -9999 -9999 -9999 -9999 -9999 -9999 -9999 -9999 -9999 -9999 -9999 -9999 -9999 -9999 -9999 -9999 -9999 -9999 -9999 -9999 -9999 -9999 -9999 -9999 -9999 -9999 -9999 -9999 -9999 -9999 -9999 -9999 -9999 -9999 -9999 -9999 -9999 -9999 -9999 -9999 -9999 228 225 224 227 224 219 214 164 45 22 16 36 106 170 194 201 169 189 218 224 225 226 228 228 227 225 221 215 204 182 183 196 193 185 173 180 174 166 182 199 203
-9999 -9999 -9999 -9999 -9999 -9999 -9999 -9999 -9999 -9999 -9999 -9999 -9999 -9999 -9999 -9999 -9999 -9999 -9999 -9999 -9999 -9999 -9999 -9999 -9999 -9999 -9999 -9999 -9999 -9999 -9999 -9999 -9999 -9999 -9999 -9999 -9999 -9999 -9999 -9999 -9999 -9999 -9999 -9999 -9999 227 227 218 217 221 219 215 210 182 96 -11 -18 88 162 201 205 163 161 176 212 218 220 224 228 226 225 222 212 196 178 169 178 180 170 158 158 164 166 185 194 193 197
-9999 -9999 -9999 -9999 -9999 -9999 -9999 -9999 -9999 -9999 -9999 -9999 -9999 -9999 -9999 -9999 -9999 -9999 -9999 -9999 -9999 -9999 -9999 -9999 -9999 -9999 -9999 -9999 -9999 -9999 -9999 -9999 -9999 -9999 -9999 -9999 -9999 -9999 -9999 -9999 -9999 -9999 -9999 -9999 224 222 216 218 215 218 216 214 211 194 137 80 63 126 187 210 162 130 162 194 211 214 218 222 228 227 223 218 206 194 178 168 165 165 177 178 167 173 185 180 186 201 208
-9999 -9999 -9999 -9999 -9999 -9999 -9999 -9999 -9999 -9999 -9999 -9999 -9999 -9999 -9999 -9999 -9999 -9999 -9999 -9999 -9999 -9999 -9999 -9999 -9999 -9999 -9999 -9999 -9999 -9999 -9999 -9999 -9999 -9999 -9999 -9999 -9999 -9999 -9999 -9999 -9999 -9999 -9999 -9999 220 217 211 217 216 215 213 210 209 202 161 136 123 184 213 184 74 105 152 201 213 216 221 225 227 228 222 214 200 156 161 155 160 166 173 172 171 170 168 161 160 156 205
-9999 -9999 -9999 -9999 -9999 -9999 -9999 -9999 -9999 -9999 -9999 -9999 -9999 -9999 -9999 -9999 -9999 -9999 -9999 -9999 -9999 -9999 -9999 -9999 -9999 -9999 -9999 -9999 -9999 -9999 -9999 -9999 -9999 -9999 -9999 -9999 -9999 -9999 -9999 -9999 -9999 -9999 -9999 221 217 212 212 211 212 210 209 207 203 207 188 159 179 210 209 130 49 110 170 206 212 218 222 225 -9999 228 225 220 209 160 157 182 189 193 190 175 162 157 163 145 155 188 163
-9999 -9999 -9999 -9999 -9999 -9999 -9999 -9999 -9999 -9999 -9999 -9999 -9999 -9999 -9999 -9999 -9999 -9999 -9999 -9999 -9999 -9999 -9999 -9999 -9999 -9999 -9999 -9999 -9999 -9999 -9999 -9999 -9999 -9999 -9999 -9999 -9999 -9999 -9999 -9999 -9999 -9999 -9999 220 216 214 210 200 205 207 204 203 203 209 203 204 214 214 203 119 55 139 198 208 213 218 221 -9999 -9999 -9999 226 224 214 182 174 188 193 188 180 177 168 168 176 175 176 164 140
209 -9999 -9999 -9999 -9999 -9999 -9999 -9999 -9999 -9999 -9999 -9999 -9999 -9999 -9999 -9999 -9999 -9999 -9999 -9999 -9999 -9999 -9999 -9999 -9999 -9999 -9999 -9999 -9999 -9999 -9999 -9999 -9999 -9999 -9999 -9999 -9999 -9999 -9999 -9999 -9999 -9999 -9999 -9999 214 212 204 191 202 203 202 202 202 208 212 215 216 212 202 128 99 182 205 209 214 217 -9999 -9999 -9999 -9999 225 224 215 176 154 168 183 161 144 175 163 139 158 185 181 160 146
204 209 -9999 -9999 -9999 -9999 -9999 -9999 -9999 -9999 -9999 -9999 -9999 -9999 -9999 -9999 -9999 -9999 -9999 -9999 -9999 -9999 -9999 -9999 -9999 -9999 -9999 -9999 -9999 -9999 -9999 -9999 -9999 -9999 -9999 -9999 -9999 -9999 -9999 -9999 -9999 -9999 221 217 213 208 192 195 202 206 204 204 205 207 212 214 213 210 198 132 158 203 207 211 215 217 -9999 -9999 -9999 -9999 -9999 225 226 206 195 194 156 103 126 158 126 147 176 190 186 177 179
199 202 213 215 -9999 -9999 -9999 -9999 -9999 -9999 -9999 -9999 -9999 -9999 -9999 -9999 -9999 -9999 -9999 221 217 218 220 220 224 -9999 -9999 -9999 -9999 -9999 -9999 -9999 -9999 -9999 -9999 -9999 -9999 -9999 -9999 -9999 -9999 -9999 -9999 -9999 213 205 191 197 205 208 207 207 208 208 211 214 212 208 183 138 190 207 210 213 216 218 220 -9999 -9999 -9999 -9999 223 223 221 210 184 119 81 128 137 142 165 202 205 202 199 194
159 180 205 210 212 212 -9999 -9999 -9999 -9999 -9999 -9999 -9999 -9999 -9999 -9999 -9999 -9999 229 215 199 201 202 216 213 206 214 216 223 -9999 -9999 -9999 -9999 -9999 -9999 -9999 -9999 -9999 -9999 -9999 230 227 224 218 213 205 199 202 208 210 210 210 211 211 214 215 214 204 120 155 194 210 213 215 218 219 221 221 -9999 -9999 -9999 220 221 206 197 149 86 112 151 158 170 196 207 207 206 203 200
107 127 167 196 206 208 206 -9999 -9999 -9999 -9999 -9999 -9999 -9999 -9999 -9999 227 227 227 218 214 194 199 208 209 209 207 206 210 216 228 -9999 -9999 -9999 -9999 -9999 -9999 -9999 -9999 -9999 230 226 224 219 213 206 205 208 211 214 213 212 215 217 218 218 216 168 143 186 203 210 214 217 219 220 222 222 -9999 -9999 216 216 207 140 137 83 99 146 184 197 205 209 209 208 207 205 203
71 99 157 185 201 206 206 205 210 -9999 -9999 -9999 -9999 223 220 220 225 226 225 220 216 212 215 216 211 212 214 213 211 206 217 227 -9999 -9999 -9999 -9999 -9999 -9999 -9999 -9999 229 225 223 221 217 212 213 215 217 218 218 219 220 222 223 221 205 151 169 187 205 214 216 218 220 221 223 222 218 215 214 191 101 60 51 56 140 178 201 208 210 211 210 210 208 207 205
147 110 103 146 179 197 201 202 205 -9999 -9999 216 217 217 219 220 221 221 222 224 220 220 -9999 217 216 207 199 204 215 217 213 218 226 -9999 -9999 -9999 -9999 -9999 -9999 228 227 222 222 222 220 217 218 221 221 221 223 225 225 225 225 223 200 139 173 176 211 215 217 218 220 221 223 221 218 213 163 75 0 16 65 132 187 204 206 211 212 211 211 210 209 208 207
159 157 121 141 148 167 176 180 184 189 199 197 203 204 210 215 217 206 215 226 224 -9999 -9999 220 219 217 215 203 213 220 221 210 214 223 -9999 -9999 -9999 -9999 226 224 222 220 221 220 217 218 220 222 222 221 223 225 225 217 225 224 210 139 148 167 210 215 216 216 218 220 220 219 201 136 26 5 -5 18 134 199 204 207 210 212 213 213 212 211 210 210 209
197 186 185 196 185 165 141 145 139 156 171 173 164 169 200 216 214 199 223 226 224 -9999 -9999 219 -9999 -9999 220 218 216 221 222 220 201 209 219 -9999 225 225 222 222 219 220 218 217 215 218 220 222 222 221 220 223 222 218 226 226 200 145 162 183 189 212 214 215 216 216 216 211 182 94 86 38 10 124 198 208 207 208 210 212 214 214 213 212 212 211 211
199 201 204 207 205 201 183 174 179 185 180 185 186 196 210 220 223 222 225 -9999 -9999 -9999 -9999 219 217 220 -9999 219 222 220 219 222 212 185 214 216 -9999 223 220 217 217 217 218 217 216 219 222 223 223 222 221 219 205 206 224 226 191 129 135 157 175 204 212 215 212 208 184 168 141 113 72 42 104 186 212 213 211 210 211 213 215 215 215 213 213 212 212
194 202 206 208 208 207 206 200 195 195 193 195 197 201 210 218 224 -9999 -9999 -9999 -9999 -9999 -9999 219 219 -9999 -9999 -9999 219 217 221 222 219 185 181 218 223 220 214 214 214 218 217 217 218 220 222 224 226 226 222 205 173 180 220 227 216 154 126 128 152 191 211 214 207 172 81 88 77 73 81 104 169 209 215 214 213 212 213 214 216 217 216 215 214 213 213
198 -9999 -9999 205 206 205 207 204 197 196 196 197 198 202 210 217 -9999 -9999 -9999 -9999 -9999 -9999 -9999 -9999 -9999 -9999 -9999 214 217 211 220 219 218 194 169 217 223 221 213 206 212 210 210 216 219 220 222 225 229 229 221 207 150 184 223 226 222 181 123 104 120 166 204 196 165 113 53 108 91 119 141 167 200 211 214 214 214 214 214 215 216 217 216 215 214 214 213
-9999 -9999 -9999 -9999 -9999 205 -9999 202 199 191 198 199 195 201 211 217 221 -9999 -9999 -9999 -9999 -9999 -9999 -9999 -9999 -9999 -9999 200 208 211 215 195 210 211 196 217 222 223 209 196 209 188 202 217 220 221 224 228 231 229 209 195 162 197 226 226 223 202 102 82 94 154 201 171 128 86 84 137 141 160 187 197 209 212 213 214 214 215 215 216 216 216 215 215 214 214 214
-9999 -9999 -9999 -9999 -9999 -9999 -9999 202 197 192 198 199 191 186 206 210 219 220 -9999 -9999 -9999 -9999 -9999 -9999 -9999 -9999 -9999 -9999 188 191 202 180 196 208 216 221 222 222 213 192 207 204 209 214 211 222 225 228 232 232 208 173 177 208 227 225 222 217 149 81 74 153 159 153 146 142 155 172 183 193 200 205 208 211 212 214 214 215 215 215 215 215 214 214 214 214 214
-9999 -9999 -9999 -9999 -9999 -9999 196 195 -9999 200 197 199 192 178 198 196 209 217 219 -9999 -9999 -9999 -9999 -9999 -9999 -9999 -9999 -9999 207 199 182 199 183 207 219 220 221 222 208 176 197 208 196 175 190 214 218 218 232 232 203 176 179 216 227 225 222 218 187 103 61 113 114 107 145 178 188 194 196 198 201 204 207 209 212 213 214 215 214 214 214 214 213 213 213 214 215
-9999 -9999 -9999 -9999 200 -9999 194 194 198 -9999 198 -9999 202 187 196 212 212 216 -9999 -9999 -9999 -9999 -9999 -9999 -9999 -9999 -9999 -9999 -9999 206 193 201 198 213 218 220 220 222 220 174 172 185 159 143 158 183 196 203 222 226 203 190 179 211 228 225 222 220 197 125 41 62 74 60 90 161 191 193 195 197 200 203 206 209 212 213 214 214 214 214 213 213 212 213 213 214 215
-9999 -9999 -9999 -9999 -9999 -9999 -9999 196 196 -9999 -9999 -9999 198 179 193 211 -9999 -9999 -9999 -9999 -9999 -9999 -9999 -9999 -9999 -9999 -9999 -9999 -9999 -9999 198 207 198 203 217 221 222 222 220 198 131 140 110 125 144 174 172 175 208 213 203 200 201 223 230 226 223 218 198 150 37 28 66 107 106 166 188 191 192 194 199 203 207 210 213 214 215 214 214 213 213 213 213 213 214 215 216
-9999 -9999 -9999 -9999 -9999 -9999 -9999 -9999 -9999 -9999 -9999 -9999 -9999 -9999 -9999 -9999 -9999 -9999 -9999 -9999 -9999 -9999 -9999 -9999 -9999 -9999 -9999 -9999 -9999 -9999 219 216 208 209 217 220 223 220 206 192 138 106 90 160 144 131 149 154 185 194 202 208 221 232 232 229 224 213 186 160 29 15 51 92 149 180 190 192 191 193 199 204 209 215 216 215 215 214 214 213 212 213 213 213 214 216 217
-9999 -9999 -9999 -9999 -9999 -9999 -9999 -9999 -9999 -9999 -9999 -9999 -9999 -9999 -9999 -9999 -9999 -9999 -9999 -9999 -9999 -9999 -9999 -9999 -9999 -9999 -9999 -9999 -9999 -9999 -9999 214 205 203 210 221 224 222 195 179 155 146 123 132 81 99 139 143 159 182 199 217 228 230 231 229 222 190 167 168 96 13 26 81 135 176 189 193 193 196 200 205 210 215 216 216 215 215 214 214 213 212 213 214 215 216 218
-9999 -9999 -9999 -9999 -9999 -9999 -9999 -9999 -9999 -9999 -9999 -9999 -9999 -9999 -9999 -9999 -9999 -9999 -9999 -9999 -9999 -9999 -9999 -9999 -9999 -9999 -9999 -9999 -9999 -9999 -9999 -9999 207 202 204 219 224 222 184 175 134 141 145 100 75 87 135 158 159 179 202 219 227 229 228 226 215 135 168 162 140 72 13 25 59 112 169 194 197 199 203 207 211 214 215 216 215 215 214 214 213 213 214 215 216 217 218
-9999 -9999 -9999 -9999 -9999 -9999 -9999 -9999 -9999 -9999 -9999 -9999 -9999 -9999 -9999 -9999 -9999 -9999 -9999 -9999 -9999 -9999 -9999 -9999 -9999 -9999 -9999 -9999 -9999 -9999 -9999 -9999 217 209 207 215 220 219 196 190 127 91 144 151 92 104 145 160 169 181 205 220 224 227 225 220 191 102 166 132 135 135 64 -7 4 30 136 194 201 203 205 208 211 214 215 215 215 215 215 214 213 214 214 214 216 218 219
