layers/bio6_SA.asc
ncols        300
nrows        420
xllcorner    -83.000000000000
yllcorner    -57.000000000000
cellsize     0.166666666667
NODATA_value  -9999
[rows 117 to 155 of 420, columns 0 to 86 of 300]
-9999 -9999 -9999 -9999 -9999 -9999 -9999 -9999 -9999 -9999 -9999 -9999 -9999 -9999 -9999 148 149 150 152 152 148 149 134 89 87 56 23 39 38 98 45 45 85 108 115 107 145 170 163 175 173 178 180 186 193 194 197 199 199 198 197 196 196 195 195 194 193 192 192 190 190 191 190 189 189 189 190 190 189 189 189 189 190 189 189 188 188 189 189 190 190 190 190 190 190 190 190
-9999 -9999 -9999 -9999 -9999 -9999 -9999 -9999 -9999 -9999 -9999 -9999 -9999 -9999 -9999 -9999 -9999 149 149 149 148 143 133 61 41 15 9 4 51 96 48 42 91 109 137 133 156 175 179 178 177 164 174 174 183 192 195 197 197 197 195 195 194 191 192 192 191 191 190 188 189 189 187 187 187 189 189 187 188 189 189 190 190 190 191 191 191 191 190 190 188 188 188 188 188 188 189
-9999 -9999 -9999 -9999 -9999 -9999 -9999 -9999 -9999 -9999 -9999 -9999 -9999 138 -9999 -9999 -9999 -9999 147 145 147 145 130 51 2 4 -12 -17 17 71 58 2 61 94 133 145 161 181 186 186 183 166 168 172 170 189 194 196 196 194 193 194 193 190 187 190 189 189 188 187 187 187 185 185 187 187 187 188 188 190 191 191 191 191 190 190 190 189 189 188 186 186 185 185 186 186 186
-9999 -9999 -9999 -9999 -9999 -9999 -9999 -9999 -9999 -9999 -9999 -9999 -9999 -9999 -9999 -9999 -9999 -9999 -9999 147 148 142 132 84 57 24 0 8 -6 18 78 3 8 58 136 169 173 185 190 188 181 168 182 182 183 192 195 193 191 191 187 191 191 191 185 185 188 187 187 186 186 186 185 185 185 186 187 189 190 190 189 189 189 190 189 188 188 188 187 188 185 184 185 185 184 184 184
-9999 -9999 -9999 -9999 -9999 -9999 -9999 -9999 -9999 -9999 -9999 -9999 -9999 -9999 -9999 -9999 -9999 -9999 -9999 147 146 144 128 109 78 70 36 17 20 2 65 34 0 62 127 163 172 187 187 186 171 168 173 189 191 193 195 194 188 189 185 185 189 189 186 181 186 186 186 185 185 185 184 185 186 187 187 187 188 188 188 188 190 189 187 187 188 187 187 186 185 184 184 183 183 183 183
-9999 -9999 -9999 -9999 -9999 -9999 -9999 -9999 -9999 -9999 -9999 -9999 -9999 -9999 -9999 -9999 -9999 -9999 -9999 -9999 145 142 112 72 68 25 22 -2 22 46 64 80 2 52 90 134 158 177 181 181 153 173 164 186 190 192 194 194 193 190 189 187 188 187 186 183 186 186 185 184 184 183 183 184 185 185 186 186 187 187 188 189 188 188 188 188 187 188 186 185 184 183 182 182 181 180 182
-9999 -9999 -9999 -9999 -9999 -9999 -9999 -9999 -9999 -9999 -9999 -9999 -9999 -9999 -9999 -9999 -9999 -9999 -9999 -9999 142 140 131 108 118 101 76 18 18 37 20 66 16 26 80 113 134 173 171 177 162 164 173 177 189 192 193 194 193 191 190 189 189 187 185 184 185 184 184 183 183 182 183 183 183 184 186 185 186 187 188 188 187 188 188 189 188 187 184 184 182 181 181 180 179 180 180
-9999 -9999 -9999 -9999 -9999 -9999 -9999 -9999 -9999 -9999 -9999 -9999 -9999 -9999 -9999 -9999 -9999 -9999 -9999 -9999 134 136 136 130 109 26 39 38 -5 21 8 28 28 -2 42 89 120 168 156 156 163 162 175 175 188 191 193 193 193 192 190 190 189 188 186 182 183 184 183 182 182 181 182 182 183 183 185 184 186 187 187 187 188 188 189 187 187 186 183 182 180 180 179 178 178 177 176
-9999 -9999 -9999 -9999 -9999 -9999 -9999 -9999 -9999 -9999 -9999 -9999 -9999 -9999 -9999 -9999 -9999 -9999 -9999 -9999 -9999 135 135 124 90 60 4 -13 -23 -19 -3 -7 60 -10 25 49 123 160 146 145 157 156 147 180 189 189 190 192 193 193 192 190 189 188 185 184 183 184 184 183 183 182 182 182 182 184 183 184 185 186 186 187 188 187 187 186 186 185 183 180 180 178 177 176 176 174 174
-9999 -9999 -9999 -9999 -9999 -9999 -9999 -9999 -9999 -9999 -9999 -9999 -9999 -9999 -9999 -9999 -9999 -9999 -9999 -9999 -9999 -9999 137 136 124 83 -9 -11 -26 3 -32 -20 35 -19 2 50 101 147 164 143 150 137 143 184 189 184 188 190 192 192 193 192 190 187 185 185 182 184 183 182 182 183 182 182 182 183 183 183 185 184 186 187 186 188 186 185 185 183 182 179 178 176 175 173 173 172 173
-9999 -9999 -9999 -9999 -9999 -9999 -9999 -9999 -9999 -9999 -9999 -9999 -9999 -9999 -9999 -9999 -9999 -9999 -9999 -9999 -9999 -9999 -9999 139 124 106 47 -4 -29 38 -8 -42 22 28 -4 42 60 109 165 164 145 132 126 165 187 185 187 189 192 192 193 192 191 189 187 186 185 184 184 184 183 183 183 183 182 183 182 182 183 183 184 187 187 186 185 185 183 181 180 177 176 174 173 171 171 170 171
-9999 -9999 -9999 -9999 -9999 -9999 -9999 -9999 -9999 -9999 -9999 -9999 -9999 -9999 -9999 -9999 -9999 -9999 -9999 -9999 -9999 -9999 -9999 -9999 132 124 111 38 0 44 -49 -44 -8 40 -6 -17 28 82 137 171 163 124 126 170 185 185 187 190 191 192 192 192 191 190 188 186 184 183 183 183 183 183 183 182 182 182 181 182 182 183 185 185 185 185 184 183 181 179 178 175 173 172 170 168 168 168 168
-9999 -9999 -9999 -9999 -9999 -9999 -9999 -9999 -9999 -9999 -9999 -9999 -9999 -9999 -9999 -9999 -9999 -9999 -9999 -9999 -9999 -9999 -9999 -9999 130 126 114 85 64 39 11 -35 11 22 32 -11 16 47 113 158 162 139 147 166 184 185 187 188 190 191 192 192 192 191 189 186 185 184 183 183 184 184 182 182 181 180 179 180 182 182 182 183 185 183 184 181 179 178 176 173 171 169 167 166 165 164 166
-9999 -9999 -9999 -9999 -9999 -9999 -9999 -9999 -9999 -9999 -9999 -9999 -9999 -9999 -9999 -9999 -9999 -9999 -9999 -9999 -9999 -9999 -9999 -9999 -9999 122 113 106 67 30 36 -51 -33 -12 29 -26 16 32 32 128 167 148 131 160 181 185 187 187 189 190 192 192 192 191 190 188 186 186 183 182 183 183 182 181 180 179 180 181 181 180 182 183 182 182 182 179 178 176 174 171 169 168 167 165 164 163 163
-9999 -9999 -9999 -9999 -9999 -9999 -9999 -9999 -9999 -9999 -9999 -9999 -9999 -9999 -9999 -9999 -9999 -9999 -9999 -9999 -9999 -9999 -9999 -9999 -9999 123 118 112 79 6 -17 -41 -71 9 23 23 -22 10 63 103 164 165 121 160 182 184 187 188 189 190 192 193 192 191 190 189 187 186 185 183 183 184 182 182 180 179 180 180 180 181 181 180 181 180 180 177 175 174 171 170 168 167 165 162 161 161 162
-9999 -9999 -9999 -9999 -9999 -9999 -9999 -9999 -9999 -9999 -9999 -9999 -9999 -9999 -9999 -9999 -9999 -9999 -9999 -9999 -9999 -9999 -9999 -9999 -9999 125 126 120 104 70 -24 12 -79 -16 -25 -8 17 13 76 91 139 171 138 145 179 184 187 188 190 187 187 193 193 191 190 189 188 187 185 184 183 183 182 181 181 179 179 178 179 179 179 179 179 179 177 175 174 173 171 170 168 165 163 162 160 159 160
-9999 -9999 -9999 -9999 -9999 -9999 -9999 -9999 -9999 -9999 -9999 -9999 -9999 -9999 -9999 -9999 -9999 -9999 -9999 -9999 -9999 -9999 -9999 -9999 -9999 -9999 131 128 114 70 -37 -15 -18 -65 -53 -27 -11 -8 55 113 131 163 165 122 154 184 188 189 189 167 163 193 192 191 190 189 187 185 184 183 183 183 182 181 180 178 178 178 178 178 177 177 178 176 175 174 173 171 170 167 166 165 164 161 160 159 160
-9999 -9999 -9999 -9999 -9999 -9999 -9999 -9999 -9999 -9999 -9999 -9999 -9999 -9999 -9999 -9999 -9999 -9999 -9999 -9999 -9999 -9999 -9999 -9999 -9999 -9999 -9999 132 125 90 15 -62 -13 -82 -49 -5 -41 -16 -5 40 47 121 125 114 148 183 188 189 187 139 148 191 193 191 190 188 185 183 183 183 182 182 182 180 178 177 177 177 177 177 178 178 176 174 174 173 170 170 169 166 166 165 163 161 162 162 162
-9999 -9999 -9999 -9999 -9999 -9999 -9999 -9999 -9999 -9999 -9999 -9999 -9999 -9999 -9999 -9999 -9999 -9999 -9999 -9999 -9999 -9999 -9999 -9999 -9999 -9999 -9999 130 121 108 71 -13 -43 -52 -60 -51 -42 -14 -42 -9 21 79 105 73 129 182 186 188 189 170 127 178 193 192 190 187 184 182 181 182 182 183 181 179 178 176 175 176 177 177 176 176 174 174 173 171 170 169 167 167 165 164 163 163 163 164 165
-9999 -9999 -9999 -9999 -9999 -9999 -9999 -9999 -9999 -9999 -9999 -9999 -9999 -9999 -9999 -9999 -9999 -9999 -9999 -9999 -9999 -9999 -9999 -9999 -9999 -9999 -9999 133 126 111 76 -27 -52 -41 -75 -66 -44 -14 -29 -28 12 51 56 76 119 175 184 188 189 178 157 170 188 192 190 187 183 182 181 182 181 182 181 179 176 175 176 177 177 176 175 173 173 173 171 170 169 168 166 165 164 164 164 165 165 166 167
-9999 -9999 -9999 -9999 -9999 -9999 -9999 -9999 -9999 -9999 -9999 -9999 -9999 -9999 -9999 -9999 -9999 -9999 -9999 -9999 -9999 -9999 -9999 -9999 -9999 -9999 -9999 -9999 127 119 98 56 -54 -63 -83 -71 -43 -28 -22 10 54 29 22 49 112 157 183 188 189 184 168 152 179 192 190 186 184 183 181 180 181 182 181 180 177 176 177 176 175 174 173 173 173 171 169 169 167 167 165 164 164 165 165 165 166 167 170
-9999 -9999 -9999 -9999 -9999 -9999 -9999 -9999 -9999 -9999 -9999 -9999 -9999 -9999 -9999 -9999 -9999 -9999 -9999 -9999 -9999 -9999 -9999 -9999 -9999 -9999 -9999 -9999 130 123 109 64 12 -34 -62 -53 -64 -38 -28 -24 35 -12 8 54 104 138 181 182 187 179 157 141 150 191 189 186 184 183 181 180 181 181 180 179 177 175 176 174 174 173 173 173 171 169 168 168 167 165 164 164 164 164 165 166 166 170 173
-9999 -9999 -9999 -9999 -9999 -9999 -9999 -9999 -9999 -9999 -9999 -9999 -9999 -9999 -9999 -9999 -9999 -9999 -9999 -9999 -9999 -9999 -9999 -9999 -9999 -9999 -9999 -9999 -9999 124 110 63 74 -33 -62 -25 -76 -50 -38 -11 17 -10 9 43 67 127 173 174 185 180 152 131 128 187 189 185 182 182 180 179 181 180 179 176 175 175 174 173 173 173 172 172 169 168 168 166 165 164 164 162 163 164 164 165 166 170 173
-9999 -9999 -9999 -9999 -9999 -9999 -9999 -9999 -9999 -9999 -9999 -9999 -9999 -9999 -9999 -9999 -9999 -9999 -9999 -9999 -9999 -9999 -9999 -9999 -9999 -9999 -9999 -9999 -9999 127 114 105 79 -1 -23 0 -76 -69 -46 -13 -12 -29 -17 6 62 74 138 156 178 168 151 130 119 179 188 183 179 182 182 182 181 180 178 174 173 173 173 173 172 172 172 170 168 168 167 164 163 162 162 162 162 161 162 164 166 169 174
-9999 -9999 -9999 -9999 -9999 -9999 -9999 -9999 -9999 -9999 -9999 -9999 -9999 -9999 -9999 -9999 -9999 -9999 -9999 -9999 -9999 -9999 -9999 -9999 -9999 -9999 -9999 -9999 -9999 -9999 124 119 99 65 38 -30 -69 -65 -48 -41 -32 -32 -30 2 36 71 86 131 156 149 138 137 127 160 187 183 180 184 184 183 182 181 178 174 173 174 173 173 173 173 171 169 167 166 165 163 162 162 161 161 159 160 162 164 167 171 175
-9999 -9999 -9999 -9999 -9999 -9999 -9999 -9999 -9999 -9999 -9999 -9999 -9999 -9999 -9999 -9999 -9999 -9999 -9999 -9999 -9999 -9999 -9999 -9999 -9999 -9999 -9999 -9999 -9999 -9999 127 125 114 73 -11 -75 -44 -61 -65 -48 -39 -39 -27 10 44 83 99 120 131 132 123 131 135 128 166 180 185 185 184 182 181 178 177 173 173 174 174 174 172 171 167 166 166 165 165 163 162 160 159 158 158 159 160 162 165 169 174
-9999 -9999 -9999 -9999 -9999 -9999 -9999 -9999 -9999 -9999 -9999 -9999 -9999 -9999 -9999 -9999 -9999 -9999 -9999 -9999 -9999 -9999 -9999 -9999 -9999 -9999 -9999 -9999 -9999 -9999 -9999 130 121 97 31 11 -16 -42 -72 -56 -38 -39 -40 -16 13 69 134 131 151 137 126 117 134 137 150 179 182 182 183 183 180 178 177 175 174 174 174 172 170 168 166 165 164 163 162 161 159 158 157 157 157 157 159 161 164 168 172
-9999 -9999 -9999 -9999 -9999 -9999 -9999 -9999 -9999 -9999 -9999 -9999 -9999 -9999 -9999 -9999 -9999 -9999 -9999 -9999 -9999 -9999 -9999 -9999 -9999 -9999 -9999 -9999 -9999 -9999 -9999 131 127 113 93 58 -43 -74 -75 -70 -53 -43 -52 -39 -6 93 98 80 125 150 136 144 141 138 135 172 178 180 181 182 180 180 179 177 175 170 170 169 169 167 166 165 164 162 161 160 159 157 155 154 154 154 156 159 161 166 168
-9999 -9999 -9999 -9999 -9999 -9999 -9999 -9999 -9999 -9999 -9999 -9999 -9999 -9999 -9999 -9999 -9999 -9999 -9999 -9999 -9999 -9999 -9999 -9999 -9999 -9999 -9999 -9999 -9999 -9999 -9999 131 130 117 103 63 32 -18 -68 -77 -58 -57 -54 -32 4 50 63 5 75 131 148 146 158 137 156 169 179 176 179 181 181 179 178 176 171 168 169 168 168 168 168 167 165 163 162 160 158 156 154 152 151 152 155 157 160 165 168
-9999 -9999 -9999 -9999 -9999 -9999 -9999 -9999 -9999 -9999 -9999 -9999 -9999 -9999 -9999 -9999 -9999 -9999 -9999 -9999 -9999 -9999 -9999 -9999 -9999 -9999 -9999 -9999 -9999 -9999 127 -9999 133 128 122 108 64 -35 -61 -83 -74 -63 -56 -30 -18 -15 64 -2 -2 89 126 137 141 151 99 112 161 168 175 179 181 180 179 177 172 171 171 171 169 168 167 166 165 165 162 158 157 155 154 152 151 153 155 158 161 163 167
-9999 -9999 -9999 -9999 -9999 -9999 -9999 -9999 -9999 -9999 -9999 -9999 -9999 -9999 -9999 -9999 -9999 -9999 -9999 -9999 -9999 -9999 -9999 -9999 -9999 -9999 -9999 -9999 -9999 -9999 -9999 -9999 -9999 -9999 131 103 76 28 -61 -84 -91 -78 -57 -55 -38 -54 -25 3 -34 -2 64 130 137 166 117 48 95 153 176 179 178 179 178 176 175 176 175 174 173 169 166 165 164 164 164 161 157 155 154 153 153 154 156 159 161 164 167
-9999 -9999 -9999 -9999 -9999 -9999 -9999 -9999 -9999 -9999 -9999 -9999 -9999 -9999 -9999 -9999 -9999 -9999 -9999 -9999 -9999 -9999 -9999 -9999 -9999 -9999 -9999 -9999 -9999 -9999 -9999 -9999 -9999 -9999 133 110 89 19 -31 -73 -76 -88 -75 -51 -21 -19 -59 -37 -30 25 23 99 133 163 156 95 66 134 173 176 178 177 176 175 176 176 176 175 175 172 169 167 166 166 164 163 161 158 157 156 156 156 158 160 162 165 168
-9999 -9999 -9999 -9999 -9999 -9999 -9999 -9999 -9999 -9999 -9999 -9999 -9999 -9999 -9999 -9999 -9999 -9999 -9999 -9999 -9999 -9999 -9999 -9999 -9999 -9999 -9999 -9999 -9999 -9999 -9999 127 -9999 -9999 138 126 96 73 44 -33 -89 -97 -85 -60 -49 -15 -17 -67 -31 25 38 44 119 157 166 123 90 103 167 169 176 172 157 159 165 172 174 175 176 175 173 170 169 167 166 164 164 163 160 160 159 160 161 163 165 167 169
-9999 -9999 -9999 -9999 -9999 -9999 -9999 -9999 -9999 -9999 -9999 -9999 -9999 -9999 -9999 -9999 -9999 -9999 -9999 -9999 -9999 -9999 -9999 -9999 -9999 -9999 -9999 -9999 -9999 -9999 -9999 -9999 -9999 -9999 136 128 112 92 42 -19 -63 -79 -82 -75 -54 -36 2 -48 -14 52 50 82 81 156 138 103 78 73 143 168 171 168 137 123 131 133 150 172 173 175 175 174 170 169 169 167 165 164 164 163 164 163 163 165 167 169 169
-9999 -9999 -9999 -9999 -9999 -9999 -9999 -9999 -9999 -9999 -9999 -9999 -9999 -9999 -9999 -9999 -9999 -9999 -9999 -9999 -9999 -9999 -9999 -9999 -9999 -9999 -9999 -9999 -9999 -9999 -9999 -9999 -9999 -9999 -9999 130 125 105 63 -3 -3 -74 -89 -64 -77 -51 -31 -29 -1 43 -10 41 108 146 142 75 43 82 107 142 159 154 130 110 89 91 124 154 168 174 176 176 175 172 170 170 168 167 166 166 165 166 167 167 169 170 171
-9999 -9999 -9999 -9999 -9999 -9999 -9999 -9999 -9999 -9999 -9999 -9999 -9999 -9999 -9999 -9999 -9999 -9999 -9999 -9999 -9999 -9999 -9999 -9999 -9999 -9999 -9999 -9999 -9999 -9999 -9999 -9999 -9999 -9999 -9999 -9999 130 120 90 56 4 -64 -54 -73 -84 -65 -37 -24 -27 -5 25 0 59 101 144 72 12 59 108 125 152 142 114 100 60 27 82 121 135 165 176 177 176 176 175 173 171 169 168 168 169 169 170 171 172 173 174
-9999 -9999 -9999 -9999 -9999 -9999 -9999 -9999 -9999 -9999 -9999 -9999 -9999 -9999 -9999 -9999 -9999 -9999 -9999 -9999 -9999 -9999 -9999 -9999 -9999 -9999 -9999 -9999 -9999 -9999 -9999 -9999 -9999 -9999 -9999 -9999 -9999 124 105 64 30 -57 -23 -86 -87 -81 -50 -55 -16 -27 -17 -3 -14 20 104 124 40 73 124 142 131 131 118 93 72 40 67 119 141 162 173 176 177 176 176 176 175 174 173 172 172 173 174 174 174 175 175
-9999 -9999 -9999 -9999 -9999 -9999 -9999 -9999 -9999 -9999 -9999 -9999 -9999 -9999 -9999 -9999 -9999 -9999 -9999 -9999 -9999 -9999 -9999 -9999 -9999 -9999 -9999 -9999 -9999 -9999 -9999 -9999 -9999 -9999 -9999 -9999 -9999 125 117 95 47 -2 23 -56 -78 -79 -75 -70 -39 -36 -2 19 -2 -15 46 108 104 100 114 110 96 84 102 82 79 41 28 109 150 165 169 174 177 178 178 177 176 176 176 175 175 174 175 174 175 175 175
-9999 -9999 -9999 -9999 -9999 -9999 -9999 -9999 -9999 -9999 -9999 -9999 -9999 -9999 -9999 -9999 -9999 -9999 -9999 -9999 -9999 -9999 -9999 -9999 -9999 -9999 -9999 -9999 -9999 -9999 -9999 -9999 -9999 -9999 -9999 -9999 -9999 -9999 120 109 81 65 20 -41 -71 -80 -86 -83 -62 -32 -11 23 21 -31 -18 19 117 88 60 67 17 75 59 51 -10 11 12 44 137 165 161 159 171 177 177 175 176 177 177 177 176 176 176 176 176 176 176
