layers/bio7_SA.asc
ncols        300
nrows        420
xllcorner    -83.000000000000
yllcorner    -57.000000000000
cellsize     0.166666666667
NODATA_value  -9999
[rows 114 to 151 of 420, columns 172 to 257 of 300]
151 151 150 150 150 149 149 148 148 147 146 146 146 146 146 145 145 143 142 142 140 139 138 137 136 135 134 134 134 133 134 135 136 138 141 144 147 152 156 161 167 173 175 177 177 177 178 178 177 175 171 168 164 161 159 157 156 153 152 152 152 151 152 151 152 151 154 156 159 162 161 161 159 158 157 154 152 149 144 140 135 133 132 132 132 132
154 154 153 154 153 152 152 151 150 150 149 149 149 149 149 148 148 147 145 145 142 142 140 140 139 138 137 137 137 136 137 138 139 141 143 146 150 153 158 163 169 175 176 176 176 176 176 176 174 172 170 167 164 161 160 157 156 154 153 152 152 152 151 151 150 150 151 154 158 160 160 159 159 158 156 155 152 150 145 141 136 133 132 131 133 134
158 157 156 156 156 155 154 154 153 152 153 152 152 153 152 152 151 150 149 147 146 145 143 143 142 141 141 140 140 140 140 140 141 144 145 147 151 154 157 162 168 173 174 174 173 173 174 173 172 171 168 165 163 161 159 158 155 155 153 153 152 151 150 150 149 149 148 149 151 155 157 157 157 158 157 155 151 149 146 142 138 134 132 132 133 136
161 160 159 159 158 158 157 157 156 155 155 155 156 156 156 155 155 152 152 150 149 148 146 146 145 144 144 144 143 143 143 143 144 145 147 148 151 154 155 160 164 168 169 169 170 170 170 171 169 169 166 164 162 161 159 157 155 155 154 153 152 151 151 149 149 147 147 146 147 150 153 155 157 158 157 155 152 150 148 143 139 136 134 135 135 136
163 163 163 161 161 161 160 159 158 158 159 159 159 159 159 159 158 156 154 153 152 151 150 149 147 148 146 146 146 146 146 146 146 147 148 149 151 152 154 156 159 162 164 164 166 166 167 167 167 166 164 163 162 161 159 157 156 155 154 154 152 152 151 150 148 147 145 146 146 147 151 155 157 159 158 156 154 151 150 145 141 138 137 136 136 137
167 166 165 165 164 163 162 162 161 161 162 163 164 164 163 161 161 159 158 155 154 153 152 152 151 150 150 149 148 149 148 149 148 149 149 149 150 151 152 153 155 156 158 160 162 164 165 165 166 165 165 164 163 161 159 157 156 155 155 154 153 152 151 150 148 148 146 145 146 148 151 155 158 161 160 157 155 154 154 150 146 142 139 140 140 139
169 168 168 167 167 166 165 165 164 163 164 167 168 168 166 165 163 161 160 158 157 156 154 154 153 153 152 152 152 151 151 150 150 150 150 150 150 151 152 152 153 154 156 159 161 163 164 164 165 164 164 163 163 161 160 159 157 156 155 155 154 153 152 151 150 149 148 147 148 150 152 156 160 163 162 160 156 155 154 152 148 144 143 144 142 139
173 172 171 171 170 169 168 168 168 166 168 169 169 169 168 166 165 163 161 160 160 158 158 157 156 156 155 155 154 153 154 153 153 152 152 153 152 152 152 151 151 152 154 157 159 161 162 163 163 164 164 164 162 161 160 159 157 156 156 155 154 153 153 152 151 150 150 151 152 152 154 158 162 163 163 160 158 155 152 150 148 145 144 144 142 141
175 175 174 174 172 172 171 170 170 170 171 170 170 170 170 168 166 165 164 163 161 160 160 159 158 158 158 157 157 156 156 155 155 155 155 155 154 154 153 153 152 152 154 157 158 160 161 162 163 164 163 163 163 161 160 159 157 156 156 155 155 154 154 153 153 152 153 153 154 155 157 160 163 165 165 162 159 155 151 149 147 146 145 145 144 144
178 178 177 176 175 174 174 174 173 173 172 173 172 172 171 170 169 167 166 165 164 163 162 161 161 161 160 160 160 159 158 157 157 157 157 156 155 155 155 154 153 153 154 157 158 159 162 162 163 163 163 163 161 161 160 159 158 157 157 156 156 155 155 155 155 155 156 156 156 157 160 164 167 167 167 164 159 155 151 149 148 146 147 149 148 147
181 180 179 179 178 177 177 176 176 175 175 174 174 173 172 171 170 170 168 167 166 165 164 164 163 163 163 162 162 162 161 160 160 159 159 158 157 157 156 155 155 155 156 157 158 161 161 161 163 163 164 163 162 161 161 160 159 158 157 157 157 156 156 156 156 157 157 158 159 161 165 168 170 170 170 165 161 158 155 153 151 149 149 152 154 153
184 183 183 181 180 180 179 178 178 178 177 176 176 175 174 172 172 170 170 169 168 167 166 166 165 166 165 165 165 164 163 163 163 162 160 160 158 157 157 156 157 156 157 158 159 161 162 162 163 163 163 163 163 162 160 160 159 159 158 158 158 157 157 158 159 159 160 160 163 165 169 171 173 173 172 167 164 161 159 156 155 154 153 156 158 158
187 186 185 185 183 182 182 181 180 179 178 178 177 176 175 173 173 172 171 169 169 168 167 167 167 167 166 167 167 167 166 166 165 164 162 161 160 159 158 158 157 157 159 160 160 161 162 163 164 163 163 163 164 163 161 161 160 160 159 159 158 158 158 159 160 160 162 164 166 169 172 175 176 175 173 168 166 164 162 159 158 157 155 157 158 158
190 189 188 187 186 185 183 183 182 181 180 179 178 177 176 175 174 173 172 171 169 169 169 168 168 168 168 168 168 169 168 168 167 165 163 162 160 161 159 159 159 159 160 161 162 162 162 163 164 163 165 164 164 163 162 161 161 161 160 160 159 159 159 160 161 162 163 166 169 172 176 178 179 178 174 170 168 166 164 162 161 160 158 159 160 160
192 192 190 189 188 187 186 185 184 183 182 181 180 179 177 176 175 173 173 172 170 170 169 169 169 170 169 169 169 169 168 167 167 165 164 163 162 160 161 160 160 161 161 162 163 163 164 164 165 165 165 165 165 164 163 163 162 162 161 160 160 160 159 161 163 164 166 168 172 176 178 180 180 177 174 171 169 168 166 164 164 162 162 162 162 161
196 195 193 192 191 189 188 187 186 184 184 183 181 180 178 177 176 175 174 173 171 171 170 170 169 169 170 169 170 169 168 167 166 164 164 163 163 162 162 161 161 162 162 163 164 164 165 166 165 166 166 167 166 165 165 165 164 163 162 161 160 161 161 162 163 165 167 170 174 178 180 181 179 177 174 171 169 168 168 167 166 166 165 165 165 164
198 197 196 194 193 192 190 189 187 186 185 183 182 181 179 178 177 175 174 172 172 171 170 170 170 169 169 169 169 168 167 166 166 165 164 164 163 163 163 162 162 164 163 164 164 165 166 166 167 167 168 167 167 167 167 167 166 165 164 163 161 161 161 163 165 166 168 172 176 180 181 180 177 175 172 169 168 167 168 169 170 169 168 168 167 166
201 200 198 197 195 194 192 191 189 187 186 185 183 181 180 178 177 176 174 173 173 172 171 170 170 170 169 169 168 168 168 166 167 166 164 164 164 163 164 164 163 164 165 165 166 167 167 168 168 169 170 169 169 170 170 169 169 167 165 163 161 161 161 164 165 167 169 173 178 182 184 180 176 172 169 168 168 167 169 171 172 171 170 171 169 167
203 202 200 198 197 196 194 192 191 189 187 186 184 183 181 179 177 176 175 173 173 172 171 170 169 169 169 168 168 167 166 166 166 165 165 164 165 165 165 164 165 165 166 166 167 167 168 169 170 170 171 171 172 173 173 173 172 171 169 166 163 162 164 165 167 169 170 174 178 182 181 175 170 166 165 165 166 168 170 172 173 173 173 171 170 168
205 203 202 201 199 197 195 193 191 190 188 186 185 183 181 179 178 176 175 174 172 172 171 170 170 169 168 168 168 167 167 167 166 165 165 165 165 164 165 165 165 167 167 168 169 169 170 171 172 172 173 175 175 175 175 175 175 174 172 170 168 167 168 168 169 170 170 174 177 178 175 170 163 160 160 162 164 168 172 173 173 173 173 172 170 168
207 205 203 201 201 198 197 194 193 192 189 187 186 184 182 180 178 176 174 174 172 172 170 170 169 168 168 168 167 168 167 167 167 166 166 165 165 165 165 166 167 168 168 168 170 170 171 172 174 175 176 177 178 178 179 179 179 178 176 174 173 172 171 172 171 171 172 174 175 174 171 164 157 152 153 158 163 168 171 173 173 173 172 172 169 169
208 206 205 203 201 200 198 196 194 193 190 188 186 184 182 180 178 176 174 173 172 171 170 169 168 168 168 168 168 167 167 167 166 166 165 166 165 165 166 167 167 168 170 170 171 172 172 175 176 178 179 181 182 182 184 183 183 182 181 180 178 177 175 175 174 173 174 174 174 172 168 161 152 145 149 156 162 168 173 172 171 171 169 169 169 168
208 207 206 204 202 201 199 197 195 193 191 189 186 185 183 180 178 175 174 172 172 170 169 168 168 167 167 167 167 167 168 167 167 166 166 165 165 166 167 168 169 170 170 171 172 174 175 177 178 180 182 184 185 187 188 189 188 189 187 186 184 183 180 179 177 176 175 176 175 173 170 163 155 148 151 156 162 167 170 170 170 167 167 167 167 166
209 207 206 205 204 202 201 199 196 194 192 190 188 184 182 179 177 176 173 172 171 169 169 168 167 167 167 167 167 168 168 167 167 167 165 165 165 167 168 169 170 171 173 174 174 176 177 179 181 184 185 188 190 192 193 194 195 194 194 193 191 188 186 182 180 177 176 177 177 176 174 170 163 157 156 158 161 163 165 164 164 163 163 163 164 164
209 208 207 206 205 203 202 200 198 195 192 190 187 185 182 180 178 175 173 171 169 168 168 167 167 167 167 168 167 168 169 168 168 166 165 165 167 168 170 172 173 174 174 176 177 178 179 181 183 185 189 191 193 196 198 200 200 201 201 199 198 195 191 186 183 180 178 178 178 179 178 176 170 164 161 161 163 163 161 160 161 161 159 158 159 160
209 209 208 207 206 204 203 201 198 197 194 190 188 185 182 180 176 174 172 170 168 167 166 166 165 166 166 167 168 168 170 170 169 169 165 166 170 171 174 175 175 176 177 178 179 180 182 183 184 186 190 193 195 200 201 205 206 207 207 207 205 201 197 190 184 181 179 178 180 181 182 181 176 171 167 164 161 159 158 157 158 158 155 154 153 153
210 210 209 208 207 205 204 202 200 197 194 191 188 185 182 179 176 173 171 169 167 166 165 165 165 165 166 167 168 170 170 171 172 171 168 170 176 174 177 177 177 178 178 178 179 181 181 184 186 188 191 195 198 202 207 209 212 213 214 213 212 207 201 193 186 180 177 177 180 182 184 183 178 173 170 165 159 156 156 156 156 155 152 150 147 148
211 211 211 210 208 207 206 203 201 198 195 192 189 185 182 179 175 172 170 168 166 165 164 164 163 164 165 167 168 170 172 173 174 175 174 179 183 180 179 180 180 179 178 179 179 181 181 185 186 189 193 197 201 205 211 214 216 218 219 217 216 214 206 196 186 180 177 175 178 184 186 184 180 175 171 167 159 156 154 154 155 152 149 148 146 148
213 212 212 211 210 209 207 204 202 199 196 193 189 186 181 178 174 171 168 166 164 163 163 162 163 164 165 166 168 170 172 174 177 177 180 188 187 182 179 182 180 180 179 179 179 180 181 182 186 190 194 198 204 208 214 218 220 220 222 223 222 218 208 196 186 177 172 172 177 186 189 186 181 176 170 167 160 154 152 152 153 150 148 148 149 151
213 213 213 213 212 211 208 206 204 201 197 193 189 185 181 177 174 169 167 164 162 161 161 162 162 163 163 167 168 170 172 175 177 179 183 186 187 184 180 181 179 179 178 178 178 179 181 182 183 187 192 199 205 211 217 221 221 222 225 227 225 218 209 196 184 174 167 165 172 185 189 187 182 175 169 163 160 154 151 150 150 148 146 148 150 152
214 214 215 215 214 212 210 208 205 202 198 194 190 186 182 177 172 169 165 162 160 160 160 160 161 162 164 166 168 169 172 175 177 179 182 185 185 185 182 180 180 178 178 177 177 176 178 179 182 186 191 197 205 212 219 223 223 224 225 226 224 218 209 197 184 172 166 164 170 183 184 184 180 171 163 157 153 150 144 147 146 145 146 146 150 152
214 215 217 216 215 215 213 210 207 204 199 195 190 186 181 177 172 168 163 161 159 159 158 160 160 162 164 165 167 169 172 174 176 179 181 183 184 184 183 180 178 178 177 176 176 175 175 177 180 183 187 194 201 210 214 221 222 224 224 224 221 217 209 200 186 176 167 165 172 182 181 183 177 170 161 153 149 146 139 141 143 142 146 146 149 150
215 217 217 219 218 217 215 212 209 205 200 196 191 186 182 176 171 168 164 160 159 159 158 159 161 161 163 165 167 169 171 173 176 178 181 182 183 182 182 181 180 178 178 176 175 174 172 173 176 179 183 189 196 203 210 215 221 223 222 221 218 215 209 202 193 184 178 174 178 184 181 180 178 169 162 154 149 145 134 136 139 143 145 145 147 148
216 217 219 220 221 219 217 214 210 206 201 196 191 187 182 176 171 168 164 161 159 159 158 159 160 162 164 165 167 169 171 172 175 177 179 181 182 183 182 182 180 180 178 176 174 172 170 171 172 175 179 183 191 199 206 214 218 219 219 218 216 213 208 203 197 193 190 185 185 186 182 180 179 172 165 158 154 145 135 136 143 145 145 145 145 146
216 217 220 222 223 222 220 216 212 206 202 197 192 187 182 177 173 169 165 163 161 160 159 160 160 161 163 165 167 168 170 172 174 176 178 181 182 183 183 182 181 180 178 175 173 170 169 167 167 169 173 178 184 193 202 205 211 214 214 215 213 210 207 203 199 196 193 190 188 189 188 182 178 175 169 162 156 150 145 143 144 144 145 145 144 144
215 217 220 222 224 225 222 217 212 207 203 197 192 188 183 177 173 170 166 164 163 161 161 160 162 162 164 165 167 168 169 172 174 174 178 180 182 182 183 183 182 180 177 174 171 168 166 164 163 164 168 173 178 185 193 200 205 209 210 210 209 206 205 202 198 195 192 190 189 188 187 182 177 175 170 165 159 154 152 150 146 144 143 143 143 141
214 216 219 221 224 224 221 217 212 207 203 197 193 187 183 178 175 171 168 166 164 163 162 162 161 163 164 165 166 168 169 172 173 173 177 180 181 182 183 182 182 180 177 173 169 166 162 160 159 159 162 167 171 178 186 195 201 203 204 206 204 201 201 199 196 194 191 189 187 187 186 183 175 174 170 166 162 158 155 152 147 144 142 141 141 139
212 215 218 219 221 221 219 215 211 207 202 197 192 188 183 179 176 172 170 167 166 165 163 163 163 163 164 165 166 167 168 170 172 173 175 179 181 182 182 184 183 180 176 171 167 163 159 155 154 155 158 161 165 172 182 192 197 199 200 200 200 198 196 195 194 191 189 187 186 185 185 183 177 174 170 166 161 159 155 152 147 143 140 139 141 137
