layers/bio7_SA.asc
ncols        300
nrows        420
xllcorner    -83.000000000000
yllcorner    -57.000000000000
cellsize     0.166666666667
NODATA_value  -9999
[rows 76 to 113 of 420, columns 172 to 257 of 300]
116 115 115 115 113 112 111 110 109 109 108 107 106 105 104 103 102 101 99 98 96 95 96 96 96 96 95 94 94 -9999 -9999 -9999 -9999 -9999 -9999 -9999 -9999 -9999 -9999 -9999 -9999 -9999 -9999 -9999 -9999 -9999 -9999 -9999 -9999 -9999 -9999 -9999 -9999 -9999 -9999 -9999 -9999 -9999 -9999 -9999 -9999 -9999 -9999 -9999 -9999 -9999 -9999 -9999 -9999 -9999 -9999 -9999 -9999 -9999 -9999 -9999 -9999 -9999 -9999 -9999 -9999 -9999 -9999 -9999 -9999 -9999
116 115 115 114 112 112 110 110 109 108 108 107 106 105 104 103 102 101 100 98 97 96 95 96 96 96 96 95 95 94 -9999 -9999 -9999 -9999 -9999 -9999 -9999 -9999 -9999 -9999 -9999 -9999 -9999 -9999 -9999 -9999 -9999 -9999 -9999 -9999 -9999 -9999 -9999 -9999 -9999 -9999 -9999 -9999 -9999 -9999 -9999 -9999 -9999 -9999 -9999 -9999 -9999 -9999 -9999 -9999 -9999 -9999 -9999 -9999 -9999 -9999 -9999 -9999 -9999 -9999 -9999 -9999 -9999 -9999 -9999 -9999
115 114 113 113 111 111 110 110 108 108 107 107 106 106 104 104 102 101 100 99 97 97 96 97 97 97 96 95 95 95 93 92 92 91 -9999 -9999 -9999 -9999 -9999 -9999 -9999 -9999 -9999 -9999 -9999 -9999 -9999 -9999 -9999 -9999 -9999 -9999 -9999 -9999 -9999 -9999 -9999 -9999 -9999 -9999 -9999 -9999 -9999 -9999 -9999 -9999 -9999 -9999 -9999 -9999 -9999 -9999 -9999 -9999 -9999 -9999 -9999 -9999 -9999 -9999 -9999 -9999 -9999 -9999 -9999 -9999
114 113 112 111 110 111 109 109 109 109 108 107 107 106 105 104 103 102 100 100 99 98 97 97 98 97 97 95 95 95 93 92 91 91 90 91 -9999 -9999 -9999 -9999 -9999 -9999 -9999 -9999 -9999 -9999 -9999 -9999 -9999 -9999 -9999 -9999 -9999 -9999 -9999 -9999 -9999 -9999 -9999 -9999 -9999 -9999 -9999 -9999 -9999 -9999 -9999 -9999 -9999 -9999 -9999 -9999 -9999 -9999 -9999 -9999 -9999 -9999 -9999 -9999 -9999 -9999 -9999 -9999 -9999 -9999
113 113 112 111 110 110 110 109 109 109 109 109 107 106 106 104 104 103 102 102 101 99 98 99 99 97 97 96 96 94 94 92 92 90 90 90 -9999 -9999 -9999 -9999 -9999 -9999 -9999 -9999 -9999 -9999 -9999 -9999 -9999 -9999 -9999 -9999 -9999 -9999 -9999 -9999 -9999 -9999 -9999 -9999 -9999 -9999 -9999 -9999 -9999 -9999 -9999 -9999 -9999 -9999 -9999 -9999 -9999 -9999 -9999 -9999 -9999 -9999 -9999 -9999 -9999 -9999 -9999 -9999 -9999 -9999
113 113 111 110 109 109 110 111 110 110 108 108 107 106 106 106 106 105 104 103 102 102 101 100 100 100 98 98 97 95 94 93 92 90 89 89 -9999 95 97 99 103 106 108 111 -9999 -9999 -9999 -9999 -9999 -9999 -9999 -9999 -9999 -9999 -9999 -9999 -9999 -9999 -9999 -9999 -9999 -9999 -9999 -9999 -9999 -9999 -9999 -9999 -9999 -9999 -9999 -9999 -9999 -9999 -9999 -9999 -9999 -9999 -9999 -9999 -9999 -9999 -9999 -9999 -9999 -9999
112 112 110 109 109 110 110 110 109 109 108 108 108 107 107 107 107 107 106 105 105 104 103 102 102 101 100 99 97 96 95 94 93 91 90 90 94 95 98 101 105 108 111 113 113 112 112 -9999 -9999 -9999 -9999 -9999 -9999 -9999 -9999 -9999 -9999 -9999 -9999 -9999 -9999 -9999 -9999 -9999 -9999 -9999 -9999 -9999 -9999 -9999 -9999 -9999 -9999 -9999 -9999 -9999 -9999 -9999 -9999 -9999 -9999 -9999 -9999 -9999 -9999 -9999
111 111 111 111 111 110 109 109 108 108 109 108 109 108 108 108 108 108 107 107 107 106 106 105 105 103 102 101 100 99 97 95 94 93 93 -9999 95 97 100 104 108 112 115 116 117 115 113 110 107 -9999 -9999 -9999 -9999 -9999 -9999 -9999 -9999 -9999 -9999 -9999 -9999 -9999 -9999 -9999 -9999 -9999 -9999 -9999 -9999 -9999 -9999 -9999 -9999 -9999 -9999 -9999 -9999 -9999 -9999 -9999 -9999 -9999 -9999 -9999 -9999 -9999
110 110 112 111 109 108 108 108 108 109 108 109 109 109 109 109 108 109 109 109 109 109 108 108 107 106 104 102 101 100 98 97 96 95 95 97 98 100 103 106 110 114 118 120 120 117 114 110 108 106 105 103 101 -9999 -9999 -9999 -9999 -9999 -9999 -9999 -9999 -9999 -9999 -9999 -9999 -9999 -9999 -9999 -9999 -9999 -9999 -9999 -9999 -9999 -9999 -9999 -9999 -9999 -9999 -9999 -9999 -9999 -9999 -9999 -9999 -9999
110 109 109 108 107 108 108 108 108 109 109 109 110 110 110 110 110 110 111 110 112 111 112 112 110 108 107 105 103 102 101 100 99 99 100 101 102 103 106 109 112 115 118 118 119 116 113 111 108 106 105 103 101 99 97 96 96 -9999 -9999 -9999 -9999 -9999 -9999 -9999 -9999 -9999 -9999 -9999 -9999 -9999 -9999 -9999 -9999 -9999 -9999 -9999 -9999 -9999 -9999 -9999 -9999 -9999 -9999 -9999 -9999 -9999
109 107 107 107 107 107 107 107 108 108 108 110 110 110 111 111 111 112 112 113 113 114 115 114 114 111 110 108 106 105 104 103 102 103 104 104 105 107 108 111 113 115 117 117 117 115 113 110 107 106 105 102 101 100 98 97 96 94 -9999 -9999 -9999 -9999 -9999 -9999 -9999 -9999 -9999 -9999 -9999 -9999 -9999 -9999 -9999 -9999 -9999 -9999 -9999 -9999 -9999 -9999 -9999 -9999 -9999 -9999 -9999 -9999
106 106 106 106 106 106 108 107 107 108 109 110 110 111 111 111 112 112 113 114 115 116 118 118 116 114 112 110 108 107 106 105 105 105 106 107 108 108 110 112 113 115 116 117 116 114 112 109 107 106 104 103 101 99 98 97 96 95 94 -9999 -9999 -9999 -9999 -9999 -9999 -9999 -9999 -9999 -9999 -9999 -9999 -9999 -9999 -9999 -9999 -9999 -9999 -9999 -9999 -9999 -9999 -9999 -9999 -9999 -9999 -9999
106 105 105 105 105 105 107 107 107 107 108 109 111 111 111 111 112 113 114 115 117 118 119 120 117 116 113 112 110 110 109 108 108 108 108 109 109 110 112 113 114 115 116 116 115 114 111 109 107 106 104 103 101 99 97 96 95 94 93 -9999 -9999 -9999 -9999 -9999 -9999 -9999 -9999 -9999 -9999 -9999 -9999 -9999 -9999 -9999 -9999 -9999 -9999 -9999 -9999 -9999 -9999 -9999 -9999 -9999 -9999 -9999
104 105 104 104 105 105 105 106 106 107 108 109 109 111 111 112 113 114 115 116 118 119 120 119 118 117 116 113 112 111 110 110 109 110 110 111 111 112 113 114 114 115 115 115 114 113 111 109 107 106 105 103 101 99 98 96 96 94 92 91 -9999 -9999 -9999 -9999 -9999 -9999 -9999 -9999 -9999 -9999 -9999 -9999 -9999 -9999 -9999 -9999 -9999 -9999 -9999 -9999 -9999 -9999 -9999 -9999 -9999 -9999
104 103 104 104 104 105 106 106 106 108 109 110 110 111 111 112 113 114 116 117 119 121 120 119 118 117 116 115 113 113 111 111 111 111 111 111 112 112 113 114 115 115 115 115 114 112 111 110 107 105 105 103 102 100 99 98 96 93 91 91 -9999 -9999 -9999 -9999 -9999 -9999 -9999 -9999 -9999 -9999 -9999 -9999 -9999 -9999 -9999 -9999 -9999 -9999 -9999 -9999 -9999 -9999 -9999 -9999 -9999 -9999
107 106 104 105 105 106 106 107 108 108 110 111 111 112 112 113 113 115 116 117 120 120 120 119 118 118 116 115 115 114 113 113 113 112 112 112 113 113 113 114 115 115 115 115 114 113 111 110 108 106 105 103 102 101 100 98 96 94 93 91 -9999 -9999 -9999 97 97 99 -9999 -9999 -9999 -9999 -9999 -9999 -9999 -9999 -9999 -9999 -9999 -9999 -9999 -9999 -9999 -9999 -9999 -9999 -9999 -9999
109 108 107 106 107 107 107 108 108 109 110 111 111 112 112 113 114 115 117 117 119 120 119 119 118 117 116 115 116 115 114 114 113 114 114 113 114 114 115 115 115 116 116 116 115 113 112 111 109 107 105 104 103 102 100 99 99 97 94 92 92 93 95 97 98 101 103 105 106 -9999 -9999 -9999 -9999 -9999 -9999 -9999 -9999 -9999 -9999 -9999 -9999 -9999 -9999 -9999 -9999 -9999
111 110 109 108 109 109 108 109 109 110 110 110 111 111 112 112 114 116 116 117 118 118 119 118 118 118 118 117 116 116 115 114 115 114 114 114 115 114 115 116 116 116 116 115 115 114 113 112 110 109 107 106 104 103 103 103 103 103 100 94 93 94 98 99 101 104 105 106 108 110 111 -9999 -9999 -9999 -9999 -9999 -9999 -9999 -9999 -9999 -9999 -9999 -9999 -9999 -9999 -9999
114 112 111 111 110 111 110 110 110 110 111 111 111 112 112 113 114 115 116 117 118 118 118 118 117 117 117 117 117 116 116 116 115 115 115 116 115 116 116 116 116 117 117 116 115 115 114 113 112 110 109 108 108 107 107 107 107 107 104 99 98 99 101 102 105 106 107 109 111 111 113 114 116 117 120 123 -9999 -9999 -9999 -9999 -9999 -9999 136 134 133 132
115 114 114 113 112 112 112 112 111 112 112 112 113 112 113 114 115 116 116 117 118 118 118 118 118 118 117 117 117 117 117 117 117 117 116 116 117 116 116 117 117 117 117 117 117 116 115 114 113 113 112 111 111 110 110 109 110 109 107 105 103 103 104 105 107 110 112 113 114 114 114 115 116 116 118 122 119 125 135 139 138 138 137 137 136 132
117 115 115 114 114 114 113 114 113 113 114 114 114 113 113 114 115 116 117 117 117 117 118 119 118 118 119 118 118 118 118 118 117 117 118 117 118 117 117 118 117 118 119 119 118 117 117 116 116 114 115 113 113 113 113 113 112 112 110 108 108 108 109 110 112 114 116 116 118 118 118 116 115 115 115 117 119 127 137 140 140 140 140 140 138 135
118 118 117 116 115 115 115 114 114 114 114 115 116 115 114 115 116 116 116 117 117 118 118 118 118 118 118 118 118 118 119 118 118 119 118 118 119 119 118 119 119 119 119 119 119 119 118 118 118 117 116 116 117 117 116 116 115 115 114 112 113 113 113 115 117 118 120 121 122 122 121 119 116 113 114 117 122 129 137 140 142 142 142 142 142 139
119 119 118 117 117 116 117 116 116 115 116 116 116 115 116 116 116 116 116 118 118 119 118 118 118 119 118 118 119 118 119 118 119 119 119 119 120 119 120 120 120 120 121 120 120 120 120 119 119 119 118 119 119 119 118 118 118 118 117 116 117 117 118 119 121 124 125 127 127 128 126 122 119 114 114 120 127 134 139 142 143 144 146 146 145 140
120 120 119 119 118 118 118 117 117 117 117 117 117 117 117 117 117 118 118 118 118 119 119 119 119 119 118 119 119 119 120 119 119 120 121 120 121 121 122 122 122 123 123 122 122 122 121 121 120 121 120 121 121 122 121 120 120 119 120 120 120 121 122 124 126 128 131 132 134 134 133 130 125 121 120 127 133 138 142 144 145 146 145 144 144 140
122 121 121 120 120 120 119 119 119 118 118 118 118 118 119 118 119 119 118 119 119 119 119 119 119 119 118 119 120 119 120 120 120 120 121 122 122 123 123 123 124 124 124 124 123 123 123 123 122 122 122 122 123 123 123 122 123 122 123 123 124 125 127 129 131 132 135 138 141 142 141 139 135 133 133 138 141 143 144 145 144 145 146 145 143 139
123 123 122 122 121 121 121 120 120 120 120 120 120 120 120 121 120 120 119 119 120 119 119 120 119 119 119 119 119 119 120 121 120 121 121 123 123 124 125 126 126 126 126 127 126 125 125 124 124 122 122 123 123 124 124 125 124 125 125 126 127 128 131 132 135 137 140 143 146 149 148 147 146 146 146 149 149 148 148 145 142 145 145 144 141 137
124 124 124 123 123 123 122 122 122 122 122 121 121 121 120 120 121 120 120 121 120 120 120 120 120 120 119 118 119 118 120 120 121 122 123 123 125 126 127 128 128 129 129 129 128 129 128 126 126 124 124 124 125 126 126 127 127 127 129 129 131 132 134 136 138 141 144 147 150 153 154 155 155 155 154 155 154 151 149 145 142 141 141 141 138 133
126 126 125 125 125 125 124 124 123 123 122 123 122 122 122 122 122 122 121 121 120 121 120 120 120 119 118 118 118 119 120 120 122 123 123 125 126 127 129 130 132 132 133 133 133 132 131 129 129 126 126 126 127 127 128 129 129 130 131 132 134 135 137 139 141 144 147 151 154 157 158 159 159 159 158 157 155 153 150 146 142 139 139 137 134 131
127 127 127 126 127 126 126 125 125 125 124 124 124 124 124 123 123 122 122 122 121 121 120 119 119 119 118 118 118 118 119 120 121 123 124 125 128 129 131 133 135 136 136 137 137 136 134 133 132 131 129 130 129 130 131 131 132 133 134 135 136 139 139 141 144 147 150 154 157 159 161 162 162 161 160 159 156 154 151 145 141 137 135 133 132 129
129 129 128 128 128 127 127 127 127 127 126 125 125 125 125 124 124 124 123 122 122 121 121 120 120 119 118 118 118 118 119 121 122 124 125 127 129 131 133 135 137 140 140 140 141 140 139 138 136 135 134 133 134 133 134 134 135 135 137 138 140 141 142 145 146 148 151 155 159 162 163 163 163 162 161 159 157 154 151 147 140 136 133 132 130 127
130 130 130 130 130 130 130 129 129 128 128 128 128 127 127 126 125 125 124 124 123 123 122 122 120 120 119 118 118 118 120 120 123 125 126 128 131 133 135 138 141 143 144 146 146 146 145 143 141 140 139 138 137 137 137 138 138 139 140 141 142 144 145 147 149 151 153 156 160 162 164 164 163 162 162 159 158 155 151 147 140 138 135 131 127 123
133 133 133 132 132 132 132 132 131 130 130 130 130 129 128 127 128 127 126 125 124 124 123 123 121 120 119 118 118 119 119 121 123 125 127 129 132 135 138 141 144 147 149 151 151 151 151 149 148 147 145 143 142 141 141 141 141 142 142 144 144 146 148 149 151 153 155 157 161 163 164 163 163 163 161 160 158 155 152 148 142 142 138 132 126 122
136 136 135 135 135 134 134 134 133 133 133 132 131 131 131 130 129 129 127 127 126 126 124 124 123 121 120 120 118 119 120 121 124 125 127 131 134 137 140 144 148 151 153 156 157 156 156 155 154 152 150 148 147 146 146 145 144 145 144 145 147 148 149 151 153 154 155 157 160 162 164 164 163 162 161 160 158 155 152 148 145 147 142 132 125 120
138 138 137 137 137 137 136 136 135 136 134 134 133 133 132 132 131 130 130 129 128 127 126 125 124 123 122 120 119 118 120 122 123 126 129 132 136 140 143 147 152 156 157 160 162 162 161 161 160 158 157 154 151 150 150 148 148 147 146 147 148 149 150 152 153 154 155 158 160 162 163 164 164 163 160 160 158 154 150 145 142 144 139 129 123 119
140 140 140 140 140 139 139 139 138 137 137 136 136 135 134 134 133 132 131 131 130 130 128 127 126 125 124 123 121 120 118 121 124 126 130 134 138 142 145 150 156 162 164 165 167 167 167 168 167 164 162 158 155 154 153 152 150 149 149 148 149 151 151 152 154 154 156 158 161 161 163 163 163 162 160 159 156 152 148 142 137 135 130 125 122 119
144 143 142 142 142 142 141 141 140 140 140 138 137 138 137 136 135 134 134 133 133 131 131 129 128 127 126 125 124 122 123 124 126 129 132 137 140 144 148 150 155 166 167 169 171 171 173 173 172 170 166 162 159 157 156 154 152 151 150 150 150 151 151 152 153 154 156 159 161 161 163 163 162 161 160 158 154 151 146 141 135 132 128 126 123 121
146 146 146 145 144 144 144 143 143 142 142 141 140 140 139 139 138 138 136 136 134 134 133 132 130 129 128 128 127 126 127 128 129 132 135 139 142 147 151 153 159 167 171 173 174 175 177 177 176 175 170 165 162 159 158 155 154 152 151 150 151 151 151 152 153 154 156 159 160 162 162 162 162 160 158 156 153 150 145 140 135 131 129 128 126 124
148 149 148 147 148 146 146 146 145 144 144 143 143 143 143 142 141 141 139 138 138 136 135 134 133 132 132 131 130 130 130 131 133 135 138 141 146 150 153 158 163 170 173 175 176 176 178 178 178 176 171 167 163 160 159 157 155 154 151 152 151 152 152 152 152 152 155 158 160 161 162 162 160 160 158 156 152 149 145 139 135 133 131 130 130 128
