layers/bio7_SA.asc
ncols        300
nrows        420
xllcorner    -83.000000000000
yllcorner    -57.000000000000
cellsize     0.166666666667
NODATA_value  -9999
[rows 190 to 227 of 420, columns 172 to 257 of 300]
178 177 176 176 175 174 173 172 171 171 170 170 170 169 168 168 168 167 169 169 169 169 171 172 172 173 175 177 180 184 187 189 191 189 185 183 179 173 167 165 164 164 162 160 156 158 161 167 168 173 176 177 183 186 189 189 191 191 193 195 194 192 187 182 182 189 189 189 187 187 185 183 181 179 178 177 177 175 172 168 163 158 153 151 148 147
177 176 175 174 174 174 173 172 171 171 171 171 170 170 168 168 169 171 171 172 172 172 172 173 171 171 173 176 179 182 186 189 192 191 186 182 178 175 170 166 164 162 163 163 161 163 168 170 171 175 177 181 186 188 190 191 191 192 193 193 193 193 192 183 190 194 190 188 186 186 184 182 179 178 178 178 178 176 174 170 165 159 153 150 149 146
175 175 174 174 173 172 172 172 172 171 171 171 171 171 170 171 172 173 174 175 175 174 174 173 173 173 175 175 179 182 185 188 190 190 186 183 179 174 173 169 166 167 166 166 165 167 168 174 174 178 179 185 189 190 190 190 189 190 191 189 190 190 189 187 184 191 188 187 186 186 183 180 178 180 180 180 180 178 176 171 167 159 154 151 148 145
174 173 172 172 172 171 171 171 171 171 171 171 172 171 172 172 174 176 177 178 177 177 175 175 177 178 180 179 180 182 185 188 189 187 186 183 179 174 172 169 167 165 167 168 170 171 172 177 178 178 184 188 192 191 191 190 189 190 190 188 187 188 186 186 179 185 187 187 186 185 183 180 179 182 183 183 181 180 178 174 168 160 156 150 148 146
172 172 171 171 172 171 172 171 171 172 172 172 173 173 174 174 176 178 180 180 180 178 177 178 179 181 183 183 183 185 187 188 188 186 185 183 181 178 172 169 167 164 163 168 169 172 177 179 178 183 191 196 195 194 192 191 190 190 190 188 185 184 183 182 178 179 184 185 183 182 183 182 185 185 185 185 183 181 180 177 170 163 157 151 148 146
170 170 169 169 170 171 170 171 171 172 173 173 174 174 175 175 178 180 182 183 181 180 179 180 182 184 184 186 187 188 189 188 187 185 184 183 181 179 174 169 166 164 163 165 165 169 179 184 184 187 195 200 198 196 194 193 191 190 190 189 184 181 178 177 175 180 182 183 184 185 185 186 191 189 188 186 184 182 180 176 170 164 157 152 149 147
168 168 168 168 169 170 170 171 171 173 174 173 174 175 176 178 179 182 183 184 182 182 182 184 184 186 187 188 188 189 189 189 188 187 184 183 182 179 177 172 166 161 160 159 160 168 179 181 189 196 202 204 202 199 195 194 193 191 190 189 186 180 175 174 174 181 182 185 185 186 188 187 188 187 188 188 185 183 180 177 169 163 156 149 147 145
166 166 167 167 168 169 170 170 172 172 173 175 175 177 178 179 182 183 184 185 184 184 185 185 187 187 189 189 190 191 191 191 190 188 185 183 180 179 176 173 169 164 157 160 160 165 175 186 190 207 210 207 204 199 194 194 194 192 190 191 191 189 182 178 176 182 183 185 186 189 189 187 184 186 188 188 186 183 179 175 168 162 156 146 142 141
164 165 166 166 168 169 169 171 171 172 173 174 175 176 179 180 182 184 186 186 188 188 188 188 188 188 190 190 190 190 191 192 191 188 186 182 180 177 175 171 169 167 158 155 161 167 179 194 201 209 211 208 204 197 193 192 193 192 191 192 193 193 184 180 176 180 185 186 187 191 190 188 187 189 190 190 189 185 180 174 168 162 154 141 134 136
163 164 165 166 167 168 170 170 171 172 173 174 175 177 178 180 182 184 186 189 192 192 191 189 188 189 189 190 190 190 191 190 191 188 186 182 178 176 173 166 154 150 162 162 171 169 171 185 201 206 208 206 202 195 190 191 191 189 187 189 193 193 181 183 176 184 187 189 191 192 192 191 191 193 195 193 191 184 178 174 167 160 152 136 131 -9999
162 163 164 166 167 168 169 170 171 172 173 174 175 177 178 179 181 183 187 190 193 193 193 192 190 188 188 188 189 189 189 189 188 186 184 182 178 174 172 165 150 144 151 153 175 179 174 185 197 202 202 201 198 192 188 187 187 186 186 187 188 188 181 179 174 182 188 189 192 192 192 192 194 193 196 183 192 185 179 173 166 159 146 134 129 -9999
161 163 164 166 167 168 169 170 171 172 173 174 175 177 178 179 181 183 187 192 193 194 193 192 191 189 188 187 187 188 187 187 186 184 182 180 178 171 167 165 152 142 149 153 169 178 186 184 187 195 194 198 196 193 186 184 184 183 186 185 182 185 184 181 176 183 186 189 189 191 194 189 197 196 198 194 190 184 176 171 164 154 143 135 -9999 -9999
162 164 165 166 167 168 168 170 171 172 173 175 176 178 179 180 181 183 189 192 193 194 194 193 192 190 187 187 186 186 185 184 183 182 180 180 178 175 169 161 160 158 157 154 168 175 182 188 192 194 196 196 195 191 185 182 180 180 181 182 182 184 180 179 184 184 186 188 188 191 195 196 201 198 197 194 187 179 173 167 161 148 140 -9999 -9999 -9999
165 165 166 167 168 169 170 170 171 172 174 176 178 179 180 181 181 185 189 192 194 194 195 194 193 191 190 187 186 185 183 181 180 180 179 178 178 178 176 169 159 159 163 161 165 167 174 181 187 192 192 192 194 192 187 182 178 179 181 183 184 181 176 176 180 182 184 187 191 196 195 203 201 200 194 189 184 177 170 161 151 146 139 -9999 -9999 -9999
166 166 167 168 168 168 170 172 173 174 176 178 179 182 184 185 186 188 191 193 194 195 195 195 194 193 192 190 188 188 186 181 179 178 179 178 179 181 181 181 176 170 167 163 165 168 174 177 184 192 196 196 196 193 190 184 179 179 182 186 187 180 174 170 172 179 182 187 200 200 198 205 205 197 186 182 176 169 162 153 146 142 -9999 -9999 -9999 -9999
168 168 168 169 170 171 172 174 175 176 178 180 182 184 188 188 190 191 192 193 194 195 195 195 196 195 194 192 191 190 188 183 181 179 179 179 180 182 181 182 183 180 169 170 176 176 179 183 187 192 196 197 197 196 192 187 182 181 183 185 184 178 171 167 169 181 188 192 195 193 196 201 202 194 181 176 171 165 157 148 142 -9999 -9999 -9999 -9999 -9999
171 171 171 171 172 173 175 176 177 179 181 183 185 187 190 191 191 192 194 195 195 196 196 197 196 196 195 194 193 192 191 187 184 183 182 180 180 183 183 183 184 183 184 185 183 181 179 183 188 194 198 200 200 200 195 191 188 184 185 185 181 175 169 164 165 177 191 192 188 187 190 197 198 195 186 178 172 165 157 147 141 -9999 -9999 -9999 -9999 -9999
174 174 173 174 175 176 177 178 180 182 183 186 187 190 191 193 193 194 194 195 196 196 197 197 198 197 197 195 195 194 193 190 187 185 183 182 180 182 184 182 183 181 183 187 184 181 182 184 188 193 199 201 202 202 200 197 192 190 187 186 182 176 168 169 169 173 186 190 189 191 195 196 197 196 188 181 172 165 156 148 -9999 -9999 -9999 -9999 -9999 -9999
177 177 176 176 176 178 179 180 182 184 186 188 190 192 192 194 195 196 196 196 196 196 198 199 198 198 197 197 196 196 194 192 189 187 184 183 180 179 180 181 182 183 184 187 185 181 183 186 186 190 198 200 201 202 203 202 198 196 192 189 182 176 171 172 170 169 175 187 189 194 196 193 192 190 183 174 170 164 157 148 -9999 -9999 -9999 -9999 -9999 -9999
180 178 178 178 179 180 181 182 184 185 188 190 192 193 195 195 195 196 196 197 197 197 197 198 199 198 198 197 197 196 195 193 191 190 188 184 182 176 168 172 180 185 186 188 188 186 183 186 187 186 193 198 199 199 202 205 206 199 195 191 183 178 174 170 171 184 184 192 190 193 190 185 182 179 171 171 166 160 154 147 144 -9999 -9999 -9999 -9999 -9999
182 180 179 180 181 182 184 185 186 189 191 192 192 194 195 195 196 196 197 196 196 197 198 198 198 198 198 197 198 197 196 195 193 191 188 186 182 178 169 168 175 184 186 187 188 189 190 186 185 186 192 196 199 198 203 208 205 195 192 190 185 182 179 181 181 184 191 190 183 181 181 181 174 168 165 162 157 153 149 146 144 -9999 -9999 -9999 -9999 -9999
182 180 180 181 184 185 186 189 190 192 192 193 194 194 195 197 197 197 196 197 196 197 197 197 199 199 198 197 196 196 196 195 194 192 189 185 184 178 175 176 182 182 185 186 187 187 185 185 185 188 192 196 199 200 197 207 208 193 193 193 189 185 182 179 177 180 179 176 175 170 172 173 166 161 155 152 150 150 147 -9999 -9999 -9999 -9999 -9999 -9999 -9999
182 182 182 183 185 188 190 192 193 193 194 194 194 196 197 197 196 196 196 196 197 197 197 198 198 197 198 197 198 197 196 195 193 192 189 186 183 180 177 182 184 183 184 184 185 185 182 182 181 184 189 193 197 199 194 197 199 193 192 190 188 185 181 176 172 169 163 165 172 167 165 163 156 148 144 145 -9999 -9999 -9999 -9999 -9999 -9999 -9999 -9999 -9999 -9999
183 184 185 187 190 192 194 195 196 196 196 197 196 196 197 197 196 196 196 195 196 196 197 197 197 197 198 197 197 196 195 195 192 191 190 189 188 186 185 186 186 185 184 184 183 181 181 180 178 182 183 186 186 189 192 195 194 192 189 187 188 188 183 173 169 167 166 164 163 160 158 148 141 136 136 -9999 -9999 -9999 -9999 -9999 -9999 -9999 -9999 -9999 -9999 -9999
186 187 188 190 194 196 198 198 198 197 196 195 196 196 195 196 196 196 196 196 197 197 197 197 197 198 197 198 197 196 195 194 192 191 188 188 188 186 186 187 186 185 185 183 182 180 178 178 179 178 177 183 179 186 189 189 192 191 191 190 190 193 187 162 162 163 155 156 155 153 146 138 131 124 120 -9999 -9999 -9999 -9999 -9999 -9999 -9999 -9999 -9999 -9999 -9999
189 190 191 195 197 199 201 200 199 197 196 195 195 195 195 195 193 194 195 196 197 197 197 197 197 197 198 198 198 196 195 195 193 190 188 186 186 186 185 185 184 184 182 182 180 179 177 176 177 177 177 179 181 183 185 188 190 189 185 177 176 176 176 153 157 157 145 146 150 146 140 132 123 114 113 -9999 -9999 -9999 -9999 -9999 -9999 -9999 -9999 -9999 -9999 -9999
192 193 195 198 201 203 204 204 201 199 197 195 194 193 192 193 192 193 194 196 198 197 196 197 196 199 202 199 196 196 194 194 193 191 187 186 186 185 184 183 182 181 180 180 177 176 175 173 174 172 173 174 176 180 182 184 185 180 169 154 163 160 152 150 153 149 143 -9999 -9999 -9999 -9999 -9999 -9999 108 -9999 -9999 -9999 -9999 -9999 -9999 -9999 -9999 -9999 -9999 -9999 -9999
194 196 199 202 204 204 204 204 202 200 198 195 192 191 193 192 190 191 190 194 196 196 194 195 196 199 199 197 196 195 194 193 192 191 189 187 185 183 183 181 179 178 176 176 174 173 172 172 169 168 168 170 173 175 177 180 179 174 168 157 163 154 -9999 -9999 -9999 -9999 -9999 -9999 -9999 -9999 -9999 -9999 -9999 -9999 -9999 -9999 -9999 -9999 -9999 -9999 -9999 -9999 -9999 -9999 -9999 -9999
197 200 202 204 205 205 205 203 200 199 197 197 194 193 193 192 192 191 191 193 195 194 195 196 196 196 195 195 196 194 193 192 191 190 189 187 185 183 182 180 177 175 175 172 171 168 166 167 165 164 164 166 168 170 172 172 168 171 168 -9999 -9999 -9999 -9999 -9999 -9999 -9999 -9999 -9999 -9999 -9999 -9999 -9999 -9999 -9999 -9999 -9999 -9999 -9999 -9999 -9999 -9999 -9999 -9999 -9999 -9999 -9999
200 202 205 206 208 207 205 201 198 196 196 196 196 195 195 195 193 193 193 193 196 195 195 197 196 197 194 193 194 193 192 191 190 189 188 187 185 183 180 178 175 173 172 170 168 164 162 163 162 161 162 166 164 161 163 166 -9999 -9999 -9999 -9999 -9999 -9999 -9999 -9999 -9999 -9999 -9999 -9999 -9999 -9999 -9999 -9999 -9999 -9999 -9999 -9999 -9999 -9999 -9999 -9999 -9999 -9999 -9999 -9999 -9999 -9999
201 204 208 209 210 210 205 200 197 196 193 192 195 199 199 198 197 197 196 197 198 196 197 200 198 196 195 192 193 192 191 191 190 188 189 187 186 183 180 178 175 174 171 169 166 162 161 159 159 152 149 152 152 150 158 154 -9999 -9999 -9999 -9999 -9999 -9999 -9999 -9999 -9999 -9999 -9999 -9999 -9999 -9999 -9999 -9999 -9999 -9999 -9999 -9999 -9999 -9999 -9999 -9999 -9999 -9999 -9999 -9999 -9999 -9999
202 205 209 211 212 210 208 204 199 195 191 191 194 198 202 203 202 200 198 198 203 203 202 201 198 197 196 195 194 193 193 192 191 190 190 189 187 184 180 177 174 172 168 165 163 160 156 142 140 141 -9999 -9999 143 154 153 -9999 -9999 -9999 -9999 -9999 -9999 -9999 -9999 -9999 -9999 -9999 -9999 -9999 -9999 -9999 -9999 -9999 -9999 -9999 -9999 -9999 -9999 -9999 -9999 -9999 -9999 -9999 -9999 -9999 -9999 -9999
204 207 211 212 213 212 208 204 200 196 191 189 191 195 201 202 205 205 205 204 205 208 206 202 202 203 204 206 203 197 195 194 193 191 190 190 187 184 181 178 174 170 166 162 157 151 147 140 138 -9999 -9999 141 -9999 -9999 -9999 -9999 -9999 -9999 -9999 -9999 -9999 -9999 -9999 -9999 -9999 -9999 -9999 -9999 -9999 -9999 -9999 -9999 -9999 -9999 -9999 -9999 -9999 -9999 -9999 -9999 -9999 -9999 -9999 -9999 -9999 -9999
209 209 212 214 214 212 209 205 200 196 192 189 189 195 199 201 205 206 207 209 210 212 208 202 203 207 211 217 213 206 200 197 194 193 191 189 187 184 182 178 173 169 164 159 155 150 -9999 -9999 -9999 -9999 -9999 -9999 -9999 -9999 -9999 -9999 -9999 -9999 -9999 -9999 -9999 -9999 -9999 -9999 -9999 -9999 -9999 -9999 -9999 -9999 -9999 -9999 -9999 -9999 -9999 -9999 -9999 -9999 -9999 -9999 -9999 -9999 -9999 -9999 -9999 -9999
214 212 214 215 214 211 209 207 202 198 195 191 191 195 198 197 201 206 205 210 212 213 210 204 203 205 207 213 212 207 202 199 195 192 192 189 187 184 181 177 173 168 164 160 156 -9999 -9999 -9999 -9999 -9999 -9999 -9999 -9999 -9999 -9999 -9999 -9999 -9999 -9999 -9999 -9999 -9999 -9999 -9999 -9999 -9999 -9999 -9999 -9999 -9999 -9999 -9999 -9999 -9999 -9999 -9999 -9999 -9999 -9999 -9999 -9999 -9999 -9999 -9999 -9999 -9999
218 214 215 214 213 211 210 208 205 200 196 193 192 194 195 194 198 203 203 205 206 208 204 202 199 200 204 207 206 204 201 200 198 194 191 187 185 181 179 176 172 168 164 -9999 -9999 -9999 -9999 -9999 -9999 -9999 -9999 -9999 -9999 -9999 -9999 -9999 -9999 -9999 -9999 -9999 -9999 -9999 -9999 -9999 -9999 -9999 -9999 -9999 -9999 -9999 -9999 -9999 -9999 -9999 -9999 -9999 -9999 -9999 -9999 -9999 -9999 -9999 -9999 -9999 -9999 -9999
219 218 217 214 212 211 209 208 207 204 200 197 195 193 192 193 195 200 203 204 202 204 202 200 196 196 199 200 201 201 201 197 198 191 188 183 181 180 177 174 172 169 -9999 -9999 -9999 -9999 -9999 -9999 -9999 -9999 -9999 -9999 -9999 -9999 -9999 -9999 -9999 -9999 -9999 -9999 -9999 -9999 -9999 -9999 -9999 -9999 -9999 -9999 -9999 -9999 -9999 -9999 -9999 -9999 -9999 -9999 -9999 -9999 -9999 -9999 -9999 -9999 -9999 -9999 -9999 -9999
222 220 217 215 214 212 210 208 207 205 202 198 196 194 193 192 192 194 200 202 201 199 199 198 194 192 194 195 198 198 194 188 185 181 183 179 176 176 175 173 -9999 -9999 -9999 -9999 -9999 -9999 -9999 -9999 -9999 -9999 -9999 -9999 -9999 -9999 -9999 -9999 -9999 -9999 -9999 -9999 -9999 -9999 -9999 -9999 -9999 -9999 -9999 -9999 -9999 -9999 -9999 -9999 -9999 -9999 -9999 -9999 -9999 -9999 -9999 -9999 -9999 -9999 -9999 -9999 -9999 -9999
