layers/bio7_SA.asc
ncols        300
nrows        420
xllcorner    -83.000000000000
yllcorner    -57.000000000000
cellsize     0.166666666667
NODATA_value  -9999
[rows 114 to 151 of 420, columns 86 to 171 of 300]
124 124 123 123 123 122 122 122 121 120 120 119 120 119 119 119 119 118 119 119 120 120 119 120 120 121 121 121 121 121 121 122 121 121 122 121 122 121 121 120 120 120 119 119 119 120 122 124 125 127 128 130 132 133 135 136 138 139 140 143 143 145 147 147 149 149 150 151 151 152 152 152 153 152 152 152 153 153 153 153 153 153 153 152 152 152
125 126 125 125 124 123 123 123 122 123 122 121 121 120 121 120 120 120 120 121 121 122 121 121 122 123 123 123 123 124 124 124 125 125 125 124 124 124 123 122 123 123 122 122 123 124 125 126 128 130 131 132 134 136 137 139 140 143 143 145 147 148 149 151 152 152 153 154 155 155 156 155 156 156 156 156 156 156 156 157 156 156 155 156 155 155
127 127 126 126 126 125 125 124 124 124 123 122 123 122 122 121 121 121 122 122 123 123 124 124 123 125 124 125 126 126 126 127 126 127 127 126 127 127 126 126 125 126 126 126 126 128 128 130 130 133 134 136 137 139 140 141 144 145 147 148 150 152 152 154 155 156 157 158 158 159 159 160 159 160 159 159 160 160 160 159 159 159 159 158 158 158
128 127 128 128 127 126 127 126 126 125 125 124 124 123 123 123 124 124 123 124 125 125 125 126 125 126 127 127 128 127 128 129 129 129 129 130 130 129 129 129 128 129 129 129 129 131 131 132 133 134 137 138 140 141 143 145 146 148 150 151 153 154 156 157 158 160 160 161 162 162 162 163 164 163 163 162 162 163 163 162 163 162 162 162 161 160
129 130 129 129 129 128 128 127 127 126 126 125 125 125 124 125 125 125 125 125 126 126 127 128 127 127 129 129 129 129 130 131 131 131 132 132 132 132 132 132 131 131 131 132 132 134 134 135 136 138 139 141 142 145 146 147 149 150 152 154 156 157 159 161 162 163 164 165 165 166 166 167 166 166 166 166 166 166 165 165 165 165 165 164 164 164
132 132 131 130 130 129 130 129 128 128 127 127 126 126 126 126 126 126 126 127 128 127 128 129 128 129 130 131 132 131 133 133 134 134 134 135 135 135 134 135 134 134 134 135 135 136 138 139 139 141 142 144 145 147 149 150 152 153 155 157 159 160 162 164 166 167 168 169 169 170 169 169 169 169 170 169 169 169 168 168 169 168 168 167 167 166
133 133 133 132 132 131 130 131 130 129 128 128 128 128 127 128 128 128 128 128 129 129 130 131 131 131 132 132 133 134 135 135 137 137 138 137 137 138 137 137 137 137 138 138 139 139 141 141 142 143 145 147 148 150 152 153 155 156 157 159 161 163 165 166 168 171 171 172 172 172 172 172 173 172 172 172 172 172 172 171 172 171 171 171 170 170
135 134 135 134 134 133 132 131 132 130 130 129 129 129 129 129 128 129 130 129 130 131 131 132 132 132 133 133 135 135 136 137 139 139 140 140 140 140 140 139 140 140 140 141 142 142 143 144 145 147 148 150 150 153 153 155 157 158 160 162 164 166 167 169 171 174 175 175 176 176 175 175 175 175 175 175 174 175 175 174 175 174 173 174 173 173
136 136 136 135 135 135 134 134 133 131 131 131 130 129 130 129 130 130 131 130 131 132 132 133 133 133 134 134 136 136 138 140 140 142 142 143 142 142 142 142 142 143 143 144 144 144 146 147 148 149 150 152 154 155 156 158 160 161 163 164 166 168 170 172 173 176 177 178 178 178 178 178 178 177 178 178 178 178 177 177 178 178 177 177 177 175
138 138 138 137 137 136 135 135 134 133 132 132 132 131 131 131 131 131 131 131 131 133 133 134 134 134 135 135 136 138 139 140 142 143 145 144 145 144 144 145 144 145 145 147 147 148 148 149 150 152 153 155 155 157 158 160 162 163 165 167 168 170 172 174 175 177 179 180 180 180 181 181 180 180 181 180 181 181 180 180 180 180 180 180 179 179
141 140 139 139 139 137 137 136 135 135 134 133 132 132 132 132 132 131 132 132 132 133 133 134 134 134 135 136 137 138 140 141 143 145 145 145 145 146 146 146 147 148 147 148 149 150 151 152 152 155 155 157 159 160 162 163 164 165 167 168 170 172 174 176 177 179 180 181 182 182 182 183 182 183 183 183 184 184 183 183 183 183 183 182 182 182
143 142 142 141 140 139 138 137 137 136 135 135 134 133 133 133 133 133 132 133 133 134 134 134 135 135 136 137 138 139 140 142 143 144 145 146 147 147 148 149 149 149 150 151 152 153 154 155 155 157 158 159 160 162 163 165 166 168 170 171 172 174 176 177 178 180 181 182 183 184 184 184 185 185 185 186 186 186 186 186 186 186 186 185 185 184
145 144 144 142 142 141 139 138 137 137 136 135 136 134 134 134 133 134 134 133 134 133 135 134 135 136 137 137 138 139 140 142 143 144 146 147 148 148 150 150 150 152 152 153 154 154 156 157 158 159 161 162 163 164 166 167 168 170 171 173 174 176 178 179 180 182 183 184 185 185 186 187 187 187 187 187 188 189 189 189 188 188 188 188 188 188
146 146 146 144 143 141 141 139 138 138 137 136 136 136 135 135 135 134 134 134 135 134 135 135 136 136 136 137 139 139 141 142 144 145 146 148 149 150 150 152 152 153 154 156 157 158 159 159 161 162 163 164 165 167 167 169 170 172 173 174 176 177 179 180 182 183 184 185 186 187 187 188 189 190 189 190 190 191 191 191 192 191 192 191 190 190
149 149 147 146 144 143 142 140 139 139 138 137 137 136 136 136 135 135 135 136 135 134 135 135 136 136 137 139 139 140 141 142 144 145 147 149 149 151 152 154 154 156 156 157 159 160 160 162 162 164 164 166 167 168 170 170 173 174 175 177 178 179 180 181 183 184 185 186 187 187 189 190 190 191 191 192 192 192 193 194 194 194 194 194 194 193
151 151 148 147 145 144 143 141 140 139 139 139 138 137 137 136 136 135 135 136 136 135 136 136 136 137 139 140 141 141 141 143 144 146 148 149 151 153 154 155 156 157 158 159 160 162 162 164 165 166 167 168 169 170 171 172 174 175 177 178 179 180 182 183 184 185 186 187 188 189 190 190 192 192 193 194 195 195 195 196 196 197 197 198 197 196
154 152 150 149 147 144 144 142 140 140 140 139 139 138 138 137 137 137 137 136 136 136 135 136 137 140 140 142 143 142 141 144 145 146 148 151 152 154 155 157 158 159 161 162 162 164 164 166 167 167 169 170 171 172 173 174 175 176 177 179 181 182 183 184 185 186 187 188 189 189 191 191 192 193 195 195 195 197 198 198 199 200 201 201 200 200
155 154 151 149 146 145 143 142 141 140 140 140 140 139 139 138 138 138 138 137 137 136 136 137 137 140 141 143 143 144 143 145 146 148 150 151 153 156 157 158 160 162 162 164 165 166 166 168 169 170 171 172 173 173 175 175 177 179 179 180 181 183 184 185 186 187 188 189 190 190 191 192 194 194 195 196 197 198 200 201 202 204 204 204 203 203
158 155 151 149 146 145 143 143 141 140 141 141 140 140 140 140 139 138 138 138 138 138 138 137 139 140 141 142 144 144 144 145 147 149 152 153 155 158 159 161 162 164 165 166 167 167 168 170 171 172 172 173 175 175 176 177 178 179 180 182 182 184 185 186 187 188 189 189 191 191 192 194 195 195 197 197 198 200 201 203 205 206 207 207 206 205
157 154 152 148 146 144 143 142 142 141 141 141 140 141 141 141 141 140 140 139 140 139 138 138 139 140 142 142 144 144 146 147 150 152 153 155 157 160 161 163 164 165 167 168 169 170 171 172 173 174 174 175 177 177 178 179 179 180 181 183 184 185 186 187 188 189 190 190 191 192 193 194 195 196 197 198 199 201 202 204 206 209 210 210 208 207
155 153 150 147 145 144 142 142 142 142 142 142 141 142 142 142 142 142 142 141 140 140 139 139 140 141 141 143 143 146 147 149 151 153 155 158 159 162 163 165 166 168 169 170 171 172 173 173 174 175 176 177 177 178 179 180 181 182 183 184 185 186 187 188 188 189 191 191 191 193 194 195 196 197 198 199 200 201 203 205 207 210 211 211 210 209
153 151 149 145 144 143 143 143 143 142 143 143 144 144 143 143 143 143 142 141 141 141 141 140 141 140 142 144 145 147 149 151 152 155 157 159 162 164 166 167 168 170 171 172 173 174 175 176 176 176 178 178 179 180 181 181 182 184 184 185 186 186 188 188 189 189 190 192 192 193 194 195 196 197 198 199 200 201 203 205 207 210 211 212 211 209
152 149 146 144 144 144 144 144 144 143 144 144 145 145 145 145 143 144 143 142 142 142 141 142 142 143 143 145 146 149 150 152 155 157 159 161 164 166 168 169 171 172 173 174 174 175 176 177 177 179 179 180 181 181 182 183 183 184 185 186 187 187 188 188 190 191 191 192 193 194 194 195 196 197 198 200 201 202 203 204 206 208 210 210 210 209
151 148 145 143 143 143 144 144 144 144 144 145 146 146 146 146 145 145 144 144 143 143 143 143 143 144 144 146 148 150 153 154 157 158 161 164 166 168 169 171 173 175 175 177 177 177 178 179 179 180 181 181 182 182 183 183 185 185 186 187 187 188 189 189 190 190 192 192 193 193 194 195 195 197 199 199 200 202 203 205 206 207 208 209 209 210
149 147 144 142 143 144 144 144 145 145 146 147 147 148 148 148 148 146 145 145 144 145 144 145 144 145 146 147 149 152 153 156 158 161 163 165 168 170 172 174 175 176 177 178 179 179 179 180 181 181 181 182 182 183 184 184 185 186 186 187 188 188 189 190 191 190 191 193 192 193 194 195 195 197 197 199 200 202 203 204 206 207 208 208 209 209
150 147 144 142 142 143 144 145 145 146 147 149 149 150 151 150 149 148 147 147 147 147 147 146 146 147 148 148 151 152 155 158 160 163 165 168 170 173 175 176 178 179 180 180 181 181 181 182 182 182 183 183 184 185 185 186 186 187 187 188 188 189 189 190 191 190 191 192 192 193 193 194 195 196 197 198 199 200 202 204 205 207 208 209 209 210
149 147 145 144 143 144 144 145 147 148 150 151 152 152 153 153 151 149 150 150 150 150 149 149 148 148 148 149 153 155 157 160 162 165 167 170 172 174 177 178 180 181 181 182 183 183 182 183 183 184 183 184 185 186 186 186 187 188 188 189 189 189 190 191 191 191 192 192 192 192 193 194 194 196 197 197 199 201 202 204 206 207 208 209 209 211
150 147 145 145 145 146 147 148 148 150 152 153 155 156 156 155 154 152 152 153 153 152 152 151 151 150 150 151 153 156 159 161 163 166 169 172 174 177 179 181 182 183 184 184 184 184 183 184 184 184 185 185 186 187 186 187 188 189 189 189 190 190 190 190 191 191 192 192 191 192 193 193 193 195 195 196 199 200 202 203 206 207 208 209 210 211
152 150 148 148 147 148 148 150 151 152 154 156 157 159 159 158 157 154 155 156 156 155 154 153 152 152 152 153 156 158 161 163 165 168 171 174 176 179 182 184 185 185 186 185 185 185 185 185 185 185 186 186 187 187 188 188 188 189 189 190 191 190 190 190 191 191 191 191 192 191 191 192 193 194 195 196 198 200 202 204 205 207 208 210 210 211
155 154 151 150 149 150 150 152 153 154 156 157 160 162 163 162 159 156 157 157 158 157 156 156 154 154 153 155 157 161 164 165 166 170 172 175 178 180 183 186 187 187 186 187 187 186 186 186 186 186 185 187 187 187 188 188 188 189 189 190 191 190 190 191 191 191 191 191 190 191 191 192 193 194 196 197 198 200 202 203 205 207 209 210 212 212
158 155 154 153 152 152 152 153 154 156 158 159 161 162 165 165 161 158 158 159 159 159 158 157 156 156 154 156 157 161 164 165 168 171 174 176 179 182 184 187 188 188 188 187 187 187 187 186 186 186 186 187 187 188 188 188 189 190 190 191 191 191 191 191 191 191 191 190 190 191 192 192 194 196 198 199 201 201 202 203 205 206 209 210 211 212
160 157 155 154 154 154 155 155 156 157 158 161 162 163 164 164 162 159 159 160 160 160 159 159 158 157 156 157 159 162 165 167 170 172 175 176 179 181 184 186 187 188 188 188 187 187 186 187 186 187 187 187 188 188 188 189 189 190 191 191 191 191 192 191 191 191 191 191 191 191 192 193 195 197 199 201 202 203 203 204 205 206 208 210 212 213
160 158 157 157 155 155 156 156 157 158 160 161 161 163 164 164 162 160 160 160 161 161 160 161 159 159 158 159 161 163 166 168 170 173 175 178 180 182 184 186 187 187 187 187 187 186 186 187 187 187 187 186 187 188 189 189 190 190 192 192 191 191 192 192 191 190 190 190 190 191 193 193 196 198 200 201 202 204 205 205 206 206 208 209 212 214
161 159 158 157 157 156 156 157 158 159 160 161 163 163 163 162 162 160 162 162 162 162 162 162 161 160 160 161 162 165 167 169 171 173 175 177 180 182 183 185 186 187 187 187 187 186 186 186 187 187 187 186 187 188 188 189 190 191 192 192 192 192 192 192 191 192 190 190 190 191 191 194 197 199 201 203 204 204 205 206 207 207 208 209 211 214
160 159 159 158 157 157 157 158 159 159 160 162 162 163 163 163 162 162 162 163 164 163 163 162 162 162 162 162 164 166 168 170 172 173 175 177 180 182 183 184 185 186 186 186 186 186 185 186 186 186 186 187 187 187 188 189 190 191 192 192 192 192 193 192 192 191 190 190 191 191 192 194 198 201 203 204 205 205 206 206 207 207 208 209 211 213
160 159 158 158 158 158 158 159 159 160 161 161 162 162 163 163 163 163 164 163 164 164 164 163 164 163 163 165 165 167 169 170 172 174 176 178 180 181 183 184 184 185 185 185 186 185 185 185 185 185 185 186 186 187 189 190 191 191 192 193 193 193 193 193 193 191 191 191 190 190 190 193 198 203 204 204 204 206 206 206 207 208 208 210 211 213
160 159 158 158 158 158 158 158 159 160 161 161 162 162 162 162 163 163 164 165 166 165 165 165 165 165 165 166 166 168 170 171 173 175 176 178 179 181 183 184 184 184 185 185 185 185 185 185 184 185 184 185 186 187 189 189 191 192 193 194 194 195 195 193 193 192 193 194 194 193 189 192 199 203 205 204 205 205 205 205 207 207 208 209 210 212
158 158 158 157 157 157 158 159 159 159 160 161 161 162 162 162 163 165 165 165 165 166 166 167 166 166 167 167 168 169 170 172 173 175 177 178 179 180 181 182 183 184 185 185 184 184 184 184 184 184 183 184 186 187 189 190 191 192 193 195 195 195 195 194 193 194 195 195 197 197 195 188 197 203 204 203 204 204 204 205 206 206 208 208 209 210
