layers/bio8_SA.asc
ncols        300
nrows        420
xllcorner    -83.000000000000
yllcorner    -57.000000000000
cellsize     0.166666666667
NODATA_value  -9999
[rows 114 to 151 of 420, columns 86 to 171 of 300]
255 256 256 257 259 258 258 259 259 260 260 260 260 261 261 261 261 261 262 262 262 262 263 263 263 263 262 262 262 261 260 261 260 260 260 260 260 259 260 260 260 260 259 260 260 260 261 261 261 261 262 262 261 260 261 262 261 262 260 261 260 259 258 259 259 261 262 262 260 257 259 258 259 258 257 252 253 253 249 249 248 249 250 250 249 249
255 256 257 258 258 257 258 258 259 259 259 260 260 261 261 261 262 261 261 262 262 262 263 263 262 262 262 261 262 261 261 261 260 259 259 259 259 260 260 260 260 260 259 259 260 260 260 261 261 261 261 262 262 260 260 261 261 262 260 260 258 261 262 261 262 263 263 262 260 256 254 256 255 255 258 256 254 254 251 248 250 249 249 249 250 249
256 257 257 258 258 257 258 259 259 259 260 260 261 260 261 261 262 263 263 263 263 263 263 262 262 262 262 261 261 261 261 261 261 259 259 260 260 260 260 260 260 260 259 259 259 259 260 260 261 261 260 261 260 260 259 260 260 261 260 259 258 260 262 263 263 263 262 263 259 255 256 257 253 253 255 253 253 254 254 253 251 251 251 251 249 249
257 258 258 258 257 257 257 258 258 259 259 260 261 261 262 262 262 262 262 262 262 263 263 263 262 262 262 261 260 260 261 260 261 260 260 260 260 260 259 259 259 259 259 259 259 259 259 259 260 261 259 260 258 259 259 259 260 262 260 260 261 262 261 260 263 261 261 263 261 255 256 257 252 251 254 255 255 253 253 253 251 251 251 250 248 249
256 257 257 257 257 257 258 258 259 259 260 260 261 261 260 260 261 261 261 261 262 263 263 263 263 262 262 261 260 260 260 260 260 260 261 260 261 260 259 259 259 259 259 259 259 259 258 259 259 260 258 260 257 257 259 257 258 262 261 260 260 261 256 257 260 260 261 262 261 256 257 256 252 253 254 255 253 252 254 252 248 249 250 251 248 248
256 256 256 257 257 258 258 259 259 259 259 260 260 260 261 261 261 261 261 262 262 262 262 262 262 262 262 261 260 260 260 260 260 260 260 260 260 260 260 259 259 259 259 259 258 259 259 258 259 259 258 258 256 256 257 256 258 262 261 260 257 261 257 256 258 258 261 263 261 257 257 255 252 253 254 253 251 252 253 252 251 251 251 250 248 246
255 255 256 256 256 257 258 258 258 259 259 259 260 260 261 261 262 262 262 262 262 262 262 263 262 261 262 261 260 260 260 260 260 260 260 260 259 259 259 259 259 258 258 258 258 259 259 259 258 258 258 257 257 257 256 255 256 260 262 261 259 258 260 260 258 257 257 262 260 258 258 255 251 253 255 252 252 253 253 252 248 251 250 248 249 246
256 255 255 256 257 257 257 258 258 258 259 259 260 260 260 261 261 262 262 262 262 263 263 263 262 261 261 261 260 261 260 260 260 260 261 260 259 259 259 258 258 258 258 257 258 258 258 258 258 257 254 255 256 256 257 256 257 261 262 262 258 260 261 262 261 257 255 258 258 258 255 254 253 253 254 252 253 251 250 253 248 249 250 249 248 247
255 256 257 257 257 258 257 258 258 259 259 260 260 261 261 260 261 261 261 262 263 263 264 263 262 261 261 261 260 260 260 260 260 260 260 259 259 259 258 258 258 257 257 256 257 257 257 258 258 256 254 254 253 256 257 254 255 258 260 260 257 259 261 262 263 260 258 255 256 256 253 253 253 252 254 252 251 251 250 252 249 248 248 250 249 247
255 255 255 255 256 257 258 259 258 259 259 260 261 262 262 262 261 261 261 263 262 262 263 262 262 261 261 261 261 261 261 260 260 260 260 258 259 258 258 257 257 257 256 256 257 256 256 257 260 257 258 258 255 254 255 254 254 257 257 259 258 259 260 260 262 262 262 259 254 253 253 252 251 253 253 251 250 250 251 251 251 248 249 250 248 247
253 254 254 255 256 257 258 258 259 260 261 261 261 260 262 262 262 262 262 262 262 263 262 262 261 261 261 260 260 261 261 261 260 260 259 258 258 258 257 257 257 257 256 255 256 256 256 259 260 259 259 259 258 253 254 252 254 253 256 258 259 259 261 260 262 261 262 262 255 251 249 252 252 254 253 251 249 250 250 251 251 249 249 249 249 248
253 254 254 255 256 257 257 258 259 261 260 259 260 260 261 261 262 262 262 261 262 261 261 261 261 261 260 260 260 260 260 261 261 259 260 258 258 257 257 257 257 256 256 255 256 256 255 257 258 258 258 258 257 255 254 254 254 255 256 256 258 259 259 259 260 261 260 261 259 252 247 250 253 251 251 251 250 249 249 251 251 248 250 249 249 247
254 254 255 255 256 257 257 258 260 260 260 259 259 260 261 262 262 262 261 262 262 261 260 261 260 260 260 260 260 260 260 261 260 259 259 258 257 257 257 257 256 255 255 254 255 255 254 254 257 258 257 258 257 255 257 256 254 252 255 253 258 258 259 259 259 261 259 259 257 250 246 245 246 245 250 250 249 249 250 251 250 249 249 249 247 246
253 254 254 255 256 256 257 258 260 260 260 260 261 260 261 262 262 261 262 261 261 261 260 260 260 260 260 260 259 260 260 261 261 261 258 258 257 257 257 256 256 256 255 254 254 255 254 253 256 257 256 257 257 258 258 256 253 253 254 254 258 256 257 259 257 259 259 259 253 248 246 242 242 239 239 240 247 248 250 250 248 249 246 248 248 245
253 252 254 255 256 257 258 260 260 260 260 260 261 260 260 262 262 262 261 261 262 261 261 260 261 260 259 259 259 259 259 259 258 260 260 257 257 256 256 256 256 256 255 254 253 253 254 253 255 256 255 256 257 257 257 256 252 252 252 255 256 255 254 258 258 258 260 258 251 250 247 245 242 240 237 235 235 238 246 249 248 249 248 247 247 245
253 253 254 255 256 257 259 260 260 260 260 261 261 260 260 260 261 262 262 262 262 261 261 260 260 260 259 259 259 259 259 258 257 260 260 256 256 256 255 256 255 254 253 253 253 253 253 254 255 255 255 255 256 256 256 257 255 251 253 256 252 254 250 257 256 257 258 258 254 255 252 250 247 245 243 241 238 237 237 243 247 247 247 246 247 244
252 253 254 254 255 257 259 261 261 261 261 261 261 261 261 261 262 261 262 261 262 260 260 261 260 260 259 259 259 259 258 258 257 260 256 256 255 255 255 255 255 253 252 252 252 253 252 254 252 255 254 253 254 255 255 256 255 250 255 255 252 253 250 254 251 254 256 256 255 256 254 255 253 252 249 249 248 241 237 235 232 238 241 238 244 243
253 252 253 255 257 259 260 261 262 261 261 261 262 261 261 261 261 261 260 260 260 260 259 260 260 260 259 259 258 258 257 257 257 256 256 255 255 254 254 254 254 253 253 252 252 252 252 253 252 253 253 251 252 253 254 255 255 253 252 250 252 252 251 255 253 254 254 256 256 255 254 256 255 253 252 251 248 243 239 235 237 238 240 238 238 243
253 254 255 257 258 259 259 260 260 261 262 262 262 263 260 260 260 261 260 260 260 260 258 259 260 260 260 258 258 258 257 257 257 256 255 254 254 253 253 253 252 252 251 251 251 250 250 252 252 253 253 253 251 253 254 255 255 254 254 251 252 252 251 252 252 248 251 254 255 256 256 256 254 254 253 252 250 245 241 239 239 238 237 235 233 242
253 253 255 257 258 260 261 262 261 262 262 263 263 263 262 260 261 260 260 259 257 259 259 259 261 261 258 258 257 257 257 256 256 255 254 253 253 252 251 251 251 251 250 250 249 249 250 252 251 252 252 251 251 251 253 254 253 253 250 250 251 250 250 252 251 247 247 250 250 254 253 253 252 253 253 252 250 246 244 240 237 239 238 236 236 243
252 254 256 258 259 261 262 262 262 262 263 263 263 262 262 261 260 260 259 259 259 259 259 259 260 260 258 256 256 256 256 256 255 255 253 253 252 250 250 251 251 250 249 249 249 249 250 250 251 250 251 251 251 250 252 253 252 251 249 249 251 251 252 251 251 249 248 250 252 254 251 252 253 251 248 249 250 247 243 245 240 239 237 235 238 242
254 256 257 258 259 260 263 263 263 264 264 264 263 262 263 263 262 262 260 261 261 260 260 258 260 259 259 257 256 256 256 255 255 254 254 252 251 249 249 250 249 249 249 249 249 248 248 249 250 249 250 248 248 249 250 252 251 248 247 248 249 250 251 249 250 250 250 252 253 253 251 251 252 252 252 251 250 246 246 245 243 242 242 238 239 243
255 256 258 260 260 261 265 263 264 264 264 264 263 264 265 264 265 264 262 262 262 261 260 259 259 259 259 257 256 255 256 255 254 253 252 251 249 249 249 248 249 248 248 247 248 246 247 249 248 248 248 249 248 248 250 251 251 250 249 247 248 248 250 250 251 250 249 251 252 251 252 250 252 252 252 252 252 250 249 247 247 244 245 242 240 243
257 258 259 260 262 263 263 265 265 265 265 265 266 265 265 264 264 264 262 262 261 260 259 258 258 258 258 256 255 255 254 253 253 254 252 250 249 248 248 248 248 247 246 246 246 245 247 247 247 247 246 248 246 247 249 250 251 250 250 249 248 247 250 250 250 251 250 250 251 251 253 252 251 251 252 251 250 251 250 249 248 249 247 245 245 243
258 260 261 262 263 264 263 263 265 265 266 266 265 265 265 264 265 265 262 262 261 259 259 258 258 259 258 256 255 255 252 251 253 253 251 249 248 247 248 248 247 245 243 245 244 244 246 246 247 246 245 246 243 246 248 248 249 250 251 248 249 248 250 248 248 249 251 249 250 251 252 250 250 250 250 249 250 249 250 250 249 250 248 248 246 243
258 260 261 262 263 264 263 264 265 266 266 265 266 266 265 265 264 263 262 261 262 259 258 259 259 259 257 256 254 255 252 250 253 252 251 249 247 248 248 247 246 245 241 242 242 245 245 245 246 245 244 244 242 244 243 243 243 246 248 248 247 249 249 249 249 248 249 244 245 249 252 251 250 250 248 249 251 251 251 250 250 250 250 248 246 246
259 260 262 263 264 263 263 265 265 265 264 265 266 266 265 265 266 263 262 263 262 260 259 259 259 257 256 256 253 255 251 249 251 249 249 246 247 248 246 246 245 244 242 241 239 244 243 243 245 243 242 240 242 241 240 241 241 238 241 245 247 248 249 247 239 243 244 246 248 248 249 248 247 247 248 251 252 251 251 251 250 249 248 249 250 246
260 263 263 264 264 264 264 265 265 265 265 265 266 265 265 266 265 265 264 263 262 260 259 257 256 252 253 250 252 252 248 249 250 248 245 247 247 244 244 244 244 244 241 240 241 243 243 242 243 241 239 238 241 237 239 241 240 238 237 240 246 248 246 246 242 240 243 246 247 248 249 249 249 247 249 250 251 251 251 251 250 248 246 248 249 246
260 262 263 264 264 265 265 265 265 265 265 265 266 266 267 267 266 265 264 263 262 259 259 261 260 256 251 247 247 244 240 245 249 245 245 247 245 243 243 245 245 244 240 238 242 241 239 241 242 242 241 237 237 237 237 240 239 238 239 243 245 248 248 249 249 246 244 245 247 248 249 250 250 250 252 252 252 250 250 250 248 246 248 248 247 246
259 260 262 263 264 263 264 264 265 266 266 266 267 267 268 268 267 264 264 262 262 260 259 259 259 258 255 251 245 237 230 246 248 245 245 244 243 239 243 244 244 242 236 238 241 240 239 240 240 240 238 234 236 235 236 238 238 239 240 242 245 248 248 247 250 251 251 249 248 247 248 248 248 250 250 251 252 249 248 246 245 244 246 246 246 248
258 260 262 263 263 264 266 266 266 266 266 268 268 267 267 268 266 266 265 263 263 262 260 261 260 259 257 256 254 246 244 246 245 243 244 245 243 244 244 243 243 240 234 239 239 239 238 237 238 238 237 234 236 232 235 237 237 237 238 242 244 247 248 246 248 250 250 249 251 250 249 250 248 246 246 248 251 251 251 251 250 247 246 247 249 250
260 261 262 262 264 265 265 264 265 266 268 267 266 267 268 267 266 266 265 264 263 262 262 260 261 259 258 256 254 250 250 248 248 245 245 243 243 243 243 243 243 239 236 238 238 235 233 230 235 233 229 233 231 230 234 237 237 236 239 238 241 245 247 248 248 251 252 251 252 250 250 251 251 248 247 247 247 249 250 251 250 249 249 249 248 249
259 260 261 263 264 264 265 265 267 267 266 266 268 268 267 266 265 266 265 264 264 262 261 262 261 260 258 256 253 251 251 249 246 245 246 244 242 243 243 243 242 242 240 239 237 234 233 227 231 231 229 230 232 231 232 235 236 237 235 239 243 245 246 248 249 248 251 252 252 250 250 252 251 251 250 250 249 249 252 251 249 249 250 250 248 250
259 261 263 263 263 265 266 267 266 266 266 267 267 267 267 266 266 266 266 264 265 263 262 262 260 259 258 256 254 250 251 249 248 247 248 247 244 240 242 242 241 240 240 238 239 236 233 229 227 228 226 230 230 232 231 233 236 236 239 241 243 246 247 249 249 249 251 253 253 252 252 252 251 252 252 250 249 250 251 250 248 249 250 250 248 248
260 262 261 263 265 264 264 265 265 266 267 267 266 267 267 266 266 266 266 265 265 264 263 262 261 259 257 257 255 251 247 251 251 249 249 248 245 240 239 240 239 238 238 238 238 237 236 235 230 228 226 227 227 230 231 232 233 235 236 240 244 246 247 249 250 249 250 253 253 254 254 252 251 252 252 251 251 252 250 249 250 250 250 249 248 248
261 261 262 264 264 264 265 265 266 266 267 266 267 267 267 266 266 266 266 265 265 265 263 263 261 260 259 258 256 254 253 253 252 250 250 248 242 243 236 233 234 237 236 237 237 234 233 231 228 227 225 225 226 228 229 230 230 233 237 241 244 246 247 248 250 250 250 252 253 254 255 254 252 252 252 252 252 252 251 250 250 250 250 248 249 249
260 261 264 264 264 265 265 266 266 266 266 267 267 267 267 266 266 266 266 266 266 265 265 264 262 261 260 258 257 255 255 254 253 252 250 247 246 241 231 231 231 230 233 235 235 234 230 229 228 225 224 222 224 224 226 230 231 236 239 243 244 244 246 249 250 251 251 250 252 255 255 257 258 255 254 253 253 251 252 250 250 250 249 250 250 249
261 262 264 263 264 265 265 266 266 266 267 267 267 267 267 266 267 267 267 266 266 266 265 264 263 262 260 258 257 255 256 255 254 252 251 249 248 246 238 237 236 231 232 234 234 234 232 229 228 225 222 220 222 223 228 233 235 237 240 241 243 246 246 250 252 252 253 252 252 256 257 257 257 255 255 253 253 251 252 250 250 250 249 249 249 250
