layers/bio8_SA.asc
ncols        300
nrows        420
xllcorner    -83.000000000000
yllcorner    -57.000000000000
cellsize     0.166666666667
NODATA_value  -9999
[rows 0 to 37 of 420, columns 0 to 85 of 300]
-9999 -9999 -9999 -9999 -9999 -9999 -9999 -9999 -9999 -9999 -9999 -9999 -9999 -9999 -9999 -9999 -9999 -9999 -9999 -9999 -9999 -9999 -9999 -9999 -9999 -9999 -9999 -9999 -9999 -9999 -9999 -9999 -9999 -9999 -9999 -9999 -9999 -9999 -9999 -9999 -9999 -9999 -9999 -9999 -9999 -9999 -9999 -9999 -9999 -9999 -9999 -9999 -9999 -9999 -9999 -9999 -9999 -9999 -9999 -9999 -9999 -9999 -9999 -9999 -9999 -9999 -9999 -9999 -9999 -9999 -9999 -9999 -9999 -9999 -9999 -9999 -9999 -9999 -9999 -9999 -9999 -9999 -9999 -9999 -9999 -9999
-9999 -9999 -9999 -9999 -9999 -9999 -9999 -9999 -9999 -9999 -9999 -9999 -9999 -9999 -9999 -9999 -9999 -9999 -9999 -9999 -9999 -9999 -9999 -9999 -9999 -9999 -9999 -9999 -9999 -9999 -9999 -9999 -9999 -9999 -9999 -9999 -9999 -9999 -9999 -9999 -9999 -9999 -9999 -9999 -9999 -9999 -9999 -9999 -9999 -9999 -9999 -9999 -9999 -9999 -9999 -9999 -9999 -9999 -9999 -9999 -9999 -9999 -9999 -9999 -9999 -9999 -9999 -9999 -9999 -9999 -9999 -9999 -9999 -9999 -9999 -9999 -9999 -9999 -9999 -9999 -9999 -9999 -9999 -9999 -9999 -9999
-9999 -9999 -9999 -9999 -9999 -9999 -9999 -9999 -9999 -9999 -9999 -9999 -9999 -9999 -9999 -9999 -9999 -9999 -9999 -9999 -9999 -9999 -9999 -9999 -9999 -9999 -9999 -9999 -9999 -9999 -9999 -9999 -9999 -9999 -9999 -9999 -9999 -9999 -9999 -9999 -9999 -9999 -9999 -9999 -9999 -9999 -9999 -9999 -9999 -9999 -9999 -9999 -9999 -9999 -9999 -9999 -9999 -9999 -9999 -9999 -9999 -9999 -9999 -9999 -9999 -9999 -9999 -9999 -9999 -9999 -9999 -9999 -9999 -9999 -9999 -9999 -9999 275 272 -9999 -9999 -9999 -9999 -9999 -9999 -9999
-9999 -9999 -9999 -9999 -9999 -9999 -9999 -9999 -9999 -9999 -9999 -9999 -9999 -9999 -9999 -9999 -9999 -9999 -9999 -9999 -9999 -9999 -9999 -9999 -9999 -9999 -9999 -9999 -9999 -9999 -9999 -9999 -9999 -9999 -9999 -9999 -9999 -9999 -9999 -9999 -9999 -9999 -9999 -9999 -9999 -9999 -9999 -9999 -9999 -9999 -9999 -9999 -9999 -9999 -9999 -9999 -9999 -9999 -9999 -9999 -9999 -9999 -9999 -9999 -9999 -9999 290 283 282 278 274 -9999 -9999 -9999 -9999 -9999 -9999 276 273 -9999 -9999 -9999 -9999 274 -9999 -9999
270 -9999 -9999 -9999 -9999 -9999 -9999 -9999 -9999 -9999 -9999 -9999 -9999 -9999 -9999 -9999 -9999 -9999 -9999 -9999 -9999 -9999 -9999 -9999 -9999 -9999 -9999 -9999 -9999 -9999 -9999 -9999 -9999 -9999 -9999 -9999 -9999 -9999 -9999 -9999 -9999 -9999 -9999 -9999 -9999 -9999 -9999 -9999 -9999 -9999 -9999 -9999 -9999 -9999 -9999 -9999 -9999 -9999 -9999 -9999 -9999 -9999 -9999 -9999 291 289 290 286 275 275 279 280 -9999 -9999 -9999 -9999 -9999 276 276 -9999 -9999 -9999 -9999 274 274 -9999
-9999 -9999 -9999 -9999 -9999 -9999 -9999 -9999 -9999 -9999 -9999 -9999 -9999 -9999 -9999 -9999 -9999 -9999 -9999 -9999 -9999 -9999 -9999 -9999 -9999 -9999 -9999 -9999 -9999 -9999 -9999 -9999 -9999 -9999 -9999 -9999 -9999 -9999 -9999 -9999 -9999 -9999 -9999 -9999 -9999 -9999 -9999 -9999 -9999 -9999 -9999 -9999 -9999 -9999 -9999 -9999 -9999 -9999 -9999 -9999 -9999 -9999 -9999 -9999 290 289 288 286 276 275 280 282 -9999 -9999 -9999 -9999 278 274 274 275 -9999 -9999 -9999 276 273 273
-9999 -9999 -9999 -9999 -9999 -9999 -9999 -9999 -9999 -9999 -9999 -9999 -9999 -9999 -9999 -9999 -9999 -9999 -9999 -9999 -9999 -9999 -9999 -9999 -9999 -9999 -9999 -9999 -9999 -9999 -9999 -9999 -9999 -9999 -9999 -9999 -9999 -9999 -9999 -9999 -9999 -9999 -9999 -9999 -9999 -9999 -9999 -9999 -9999 -9999 -9999 -9999 -9999 -9999 -9999 -9999 -9999 -9999 -9999 -9999 -9999 -9999 -9999 290 290 288 284 281 284 286 286 -9999 -9999 -9999 -9999 -9999 278 273 270 275 -9999 -9999 -9999 -9999 -9999 -9999
-9999 -9999 -9999 -9999 -9999 -9999 -9999 -9999 -9999 -9999 -9999 -9999 -9999 -9999 -9999 -9999 -9999 -9999 -9999 -9999 -9999 -9999 -9999 -9999 -9999 -9999 -9999 -9999 -9999 -9999 -9999 -9999 -9999 -9999 -9999 -9999 -9999 -9999 -9999 -9999 -9999 -9999 -9999 -9999 -9999 -9999 -9999 -9999 -9999 -9999 -9999 -9999 -9999 -9999 -9999 -9999 -9999 -9999 -9999 -9999 -9999 285 286 288 290 287 284 281 287 288 -9999 -9999 -9999 -9999 -9999 -9999 279 277 273 275 -9999 -9999 -9999 -9999 -9999 -9999
-9999 -9999 -9999 -9999 -9999 -9999 -9999 -9999 -9999 -9999 -9999 -9999 -9999 -9999 -9999 -9999 -9999 -9999 -9999 -9999 -9999 -9999 -9999 -9999 -9999 -9999 -9999 -9999 -9999 -9999 -9999 -9999 -9999 -9999 -9999 -9999 -9999 -9999 -9999 -9999 -9999 -9999 -9999 -9999 -9999 -9999 -9999 -9999 -9999 -9999 -9999 -9999 -9999 -9999 -9999 -9999 -9999 -9999 -9999 281 282 283 284 285 287 288 288 288 -9999 -9999 -9999 -9999 -9999 -9999 -9999 -9999 279 279 278 277 273 270 257 -9999 -9999 -9999
-9999 -9999 -9999 -9999 -9999 -9999 -9999 -9999 -9999 -9999 -9999 -9999 -9999 -9999 -9999 -9999 -9999 -9999 -9999 -9999 -9999 -9999 -9999 -9999 -9999 -9999 -9999 -9999 -9999 -9999 -9999 -9999 -9999 -9999 -9999 -9999 -9999 -9999 -9999 -9999 -9999 -9999 -9999 -9999 -9999 -9999 -9999 -9999 -9999 -9999 -9999 -9999 -9999 282 282 -9999 -9999 -9999 281 280 280 281 281 281 283 285 286 -9999 -9999 -9999 -9999 -9999 -9999 -9999 -9999 -9999 287 286 285 274 267 256 251 255 265 264
-9999 -9999 -9999 -9999 -9999 -9999 -9999 -9999 -9999 -9999 -9999 -9999 -9999 -9999 -9999 -9999 -9999 -9999 -9999 -9999 -9999 -9999 -9999 -9999 -9999 -9999 -9999 -9999 -9999 -9999 -9999 -9999 -9999 -9999 -9999 -9999 -9999 -9999 -9999 -9999 -9999 -9999 -9999 -9999 -9999 -9999 -9999 -9999 -9999 -9999 -9999 -9999 280 254 252 270 270 276 276 276 277 278 278 276 279 283 285 -9999 -9999 -9999 -9999 -9999 286 286 286 284 282 278 263 243 223 246 254 263 263 261
-9999 -9999 -9999 -9999 -9999 -9999 -9999 -9999 -9999 -9999 -9999 -9999 -9999 -9999 -9999 -9999 -9999 -9999 -9999 -9999 -9999 -9999 -9999 -9999 -9999 -9999 -9999 -9999 -9999 -9999 -9999 -9999 -9999 -9999 -9999 -9999 -9999 -9999 -9999 -9999 -9999 -9999 -9999 -9999 -9999 -9999 -9999 -9999 285 284 284 -9999 270 204 200 215 203 208 210 257 252 264 267 254 272 284 285 285 285 -9999 285 285 284 283 281 275 272 268 257 240 240 252 267 264 261 256
-9999 -9999 -9999 -9999 -9999 -9999 -9999 -9999 -9999 -9999 -9999 -9999 -9999 -9999 -9999 -9999 -9999 -9999 -9999 -9999 -9999 -9999 -9999 -9999 -9999 -9999 -9999 -9999 -9999 -9999 -9999 -9999 -9999 -9999 -9999 -9999 -9999 -9999 -9999 -9999 -9999 -9999 -9999 -9999 -9999 -9999 279 279 277 283 283 279 278 228 111 89 84 103 171 236 261 268 231 251 278 282 283 283 285 285 284 282 283 280 270 247 248 261 260 253 234 242 237 229 243 260
-9999 -9999 -9999 -9999 -9999 -9999 -9999 -9999 -9999 -9999 -9999 -9999 -9999 -9999 -9999 -9999 -9999 -9999 -9999 -9999 -9999 -9999 -9999 -9999 -9999 -9999 -9999 -9999 -9999 -9999 -9999 -9999 -9999 -9999 -9999 -9999 -9999 -9999 -9999 -9999 -9999 -9999 -9999 -9999 -9999 277 277 272 276 282 282 278 276 249 160 58 51 155 226 266 271 226 223 239 274 279 280 283 288 286 281 281 272 259 239 233 242 246 238 228 221 234 230 251 258 255
-9999 -9999 -9999 -9999 -9999 -9999 -9999 -9999 -9999 -9999 -9999 -9999 -9999 -9999 -9999 -9999 -9999 -9999 -9999 -9999 -9999 -9999 -9999 -9999 -9999 -9999 -9999 -9999 -9999 -9999 -9999 -9999 -9999 -9999 -9999 -9999 -9999 -9999 -9999 -9999 -9999 -9999 -9999 -9999 277 275 271 277 277 282 282 281 276 259 202 146 129 193 252 274 224 194 226 259 275 280 282 285 288 286 280 275 264 255 240 230 230 232 244 247 235 241 251 246 251 262
-9999 -9999 -9999 -9999 -9999 -9999 -9999 -9999 -9999 -9999 -9999 -9999 -9999 -9999 -9999 -9999 -9999 -9999 -9999 -9999 -9999 -9999 -9999 -9999 -9999 -9999 -9999 -9999 -9999 -9999 -9999 -9999 -9999 -9999 -9999 -9999 -9999 -9999 -9999 -9999 -9999 -9999 -9999 -9999 276 274 272 281 281 282 281 278 276 267 226 203 190 251 276 246 142 171 217 268 281 282 285 287 289 285 278 270 257 217 222 218 224 232 240 240 240 237 235 229 229 226
-9999 -9999 -9999 -9999 -9999 -9999 -9999 -9999 -9999 -9999 -9999 -9999 -9999 -9999 -9999 -9999 -9999 -9999 -9999 -9999 -9999 -9999 -9999 -9999 -9999 -9999 -9999 -9999 -9999 -9999 -9999 -9999 -9999 -9999 -9999 -9999 -9999 -9999 -9999 -9999 -9999 -9999 -9999 274 275 273 277 279 281 280 279 275 270 273 254 225 247 276 274 196 119 176 237 277 281 285 287 287 -9999 284 279 272 263 221 220 243 252 258 256 243 230 222 229 214 225 253
-9999 -9999 -9999 -9999 -9999 -9999 -9999 -9999 -9999 -9999 -9999 -9999 -9999 -9999 -9999 -9999 -9999 -9999 -9999 -9999 -9999 -9999 -9999 -9999 -9999 -9999 -9999 -9999 -9999 -9999 -9999 -9999 -9999 -9999 -9999 -9999 -9999 -9999 -9999 -9999 -9999 -9999 -9999 274 275 276 276 271 278 279 275 272 270 274 268 269 279 280 272 186 126 206 271 280 283 286 287 -9999 -9999 -9999 279 276 266 239 234 249 255 253 247 244 236 232 243 245 246 235
254 -9999 -9999 -9999 -9999 -9999 -9999 -9999 -9999 -9999 -9999 -9999 -9999 -9999 -9999 -9999 -9999 -9999 -9999 -9999 -9999 -9999 -9999 -9999 -9999 -9999 -9999 -9999 -9999 -9999 -9999 -9999 -9999 -9999 -9999 -9999 -9999 -9999 -9999 -9999 -9999 -9999 -9999 -9999 272 274 269 262 275 275 272 270 269 274 276 278 279 279 273 195 167 252 279 281 284 286 -9999 -9999 -9999 -9999 280 278 268 233 216 229 246 227 211 242 227 206 224 252 249 230
249 253 -9999 -9999 -9999 -9999 -9999 -9999 -9999 -9999 -9999 -9999 -9999 -9999 -9999 -9999 -9999 -9999 -9999 -9999 -9999 -9999 -9999 -9999 -9999 -9999 -9999 -9999 -9999 -9999 -9999 -9999 -9999 -9999 -9999 -9999 -9999 -9999 -9999 -9999 -9999 -9999 273 273 272 270 257 264 274 276 273 272 272 272 276 278 279 275 266 200 227 274 281 283 286 287 -9999 -9999 -9999 -9999 -9999 278 277 260 253 254 220 176 196 224 194 213 238 253 250 243
258 246 254 255 -9999 -9999 -9999 -9999 -9999 -9999 -9999 -9999 -9999 -9999 -9999 -9999 -9999 -9999 -9999 254 251 255 258 259 261 -9999 -9999 -9999 -9999 -9999 -9999 -9999 -9999 -9999 -9999 -9999 -9999 -9999 -9999 -9999 -9999 -9999 -9999 -9999 272 267 257 265 273 276 273 272 273 272 275 275 275 273 251 206 260 278 281 283 285 285 286 -9999 -9999 -9999 -9999 279 279 278 268 245 186 157 196 205 209 228 257 260 261 261
213 231 259 261 262 263 -9999 -9999 -9999 -9999 -9999 -9999 -9999 -9999 -9999 -9999 -9999 -9999 260 249 237 240 242 255 253 247 255 257 265 -9999 -9999 -9999 -9999 -9999 -9999 -9999 -9999 -9999 -9999 -9999 270 271 272 271 272 267 264 267 272 274 273 273 274 274 273 275 275 268 188 223 263 280 283 285 286 287 287 287 -9999 -9999 -9999 280 279 265 255 213 163 184 219 224 234 254 260 263 264 263
166 184 223 252 259 261 260 -9999 -9999 -9999 -9999 -9999 -9999 -9999 -9999 -9999 260 260 259 255 253 235 241 251 251 251 250 250 252 256 266 -9999 -9999 -9999 -9999 -9999 -9999 -9999 -9999 -9999 270 269 271 271 270 265 267 269 271 274 274 273 276 277 275 276 276 233 211 253 272 279 284 286 287 288 285 285 -9999 -9999 276 276 267 209 209 161 175 215 248 259 263 265 265 268 268 265
131 159 213 241 257 260 261 260 259 -9999 -9999 -9999 -9999 258 255 255 258 259 260 258 258 258 261 261 254 255 259 260 255 246 256 269 -9999 -9999 -9999 -9999 -9999 -9999 -9999 -9999 268 267 270 273 274 271 270 272 274 275 276 277 278 279 277 277 265 217 235 253 273 282 286 288 289 289 286 285 281 277 275 255 178 142 133 137 210 242 263 269 269 269 268 270 270 269
203 171 165 203 239 255 259 259 258 -9999 -9999 264 260 256 255 256 256 257 258 261 262 265 -9999 261 259 250 242 248 257 257 252 261 268 -9999 -9999 -9999 -9999 -9999 -9999 267 269 265 273 276 275 272 274 274 275 276 278 279 278 278 278 278 261 207 239 243 278 282 285 287 289 286 286 285 280 274 230 154 81 98 145 203 247 264 268 270 271 270 269 268 270 269
216 214 181 201 205 223 232 235 238 242 251 250 252 250 253 256 257 246 253 264 266 -9999 -9999 263 261 258 256 244 253 259 258 248 257 266 -9999 -9999 -9999 -9999 265 264 265 266 271 275 270 271 274 277 275 275 277 278 277 272 280 281 269 210 217 234 275 282 284 286 284 285 285 283 264 205 106 86 75 99 203 252 261 268 272 272 272 272 270 269 268 267
255 243 241 252 241 221 197 200 194 209 227 227 214 216 246 257 256 239 262 265 266 -9999 -9999 263 -9999 -9999 259 257 254 257 258 263 247 253 261 -9999 263 263 260 263 264 267 270 271 268 271 275 276 275 274 274 276 275 272 280 281 259 216 229 248 255 278 281 280 281 281 281 275 244 165 160 117 90 194 256 265 266 269 273 275 275 273 271 269 268 267
256 257 259 261 259 253 236 226 231 240 236 241 239 248 260 264 264 261 264 -9999 -9999 -9999 -9999 264 259 261 -9999 257 259 257 256 259 257 231 257 258 -9999 261 259 259 263 269 272 271 270 273 275 276 276 274 273 270 258 259 277 281 251 203 207 225 241 270 278 282 277 273 247 230 207 183 148 121 176 248 274 274 272 270 271 273 276 275 274 270 268 267
251 257 261 262 259 259 258 252 248 249 251 256 260 263 264 265 266 -9999 -9999 -9999 -9999 -9999 -9999 261 260 -9999 -9999 -9999 256 255 259 261 265 232 228 259 262 259 255 257 262 270 270 270 271 273 275 276 277 276 272 255 227 235 273 280 272 223 200 198 220 257 276 280 270 234 149 158 150 147 154 174 232 271 277 276 273 273 273 273 276 276 274 272 268 266
254 -9999 -9999 257 258 258 260 256 250 252 256 260 262 265 265 268 -9999 -9999 -9999 -9999 -9999 -9999 -9999 -9999 -9999 -9999 -9999 252 255 250 259 259 267 242 212 260 263 261 256 252 261 262 263 268 271 273 274 277 278 277 270 255 206 237 276 281 279 244 194 172 187 232 269 257 226 177 124 174 160 185 206 230 263 274 275 274 273 272 273 273 272 273 271 271 267 266
-9999 -9999 -9999 -9999 -9999 258 -9999 255 253 248 259 262 257 259 265 266 267 -9999 -9999 -9999 -9999 -9999 -9999 -9999 -9999 -9999 -9999 239 246 250 254 235 251 258 244 261 265 266 254 243 259 238 255 270 272 273 276 278 281 278 258 245 216 248 285 287 281 260 166 148 160 219 261 231 190 153 150 199 204 223 251 260 270 273 272 273 273 272 272 271 270 268 270 266 266 265
-9999 -9999 -9999 -9999 -9999 -9999 -9999 256 252 248 258 260 248 239 258 257 263 264 -9999 -9999 -9999 -9999 -9999 -9999 -9999 -9999 -9999 -9999 228 231 241 221 238 251 263 266 266 267 259 240 256 254 262 267 264 274 277 279 282 282 257 226 229 259 284 281 282 276 208 145 140 217 224 219 210 203 216 235 248 257 263 267 269 269 270 270 270 270 270 269 268 267 266 264 265 265
-9999 -9999 -9999 -9999 -9999 -9999 249 249 -9999 259 256 257 248 228 246 240 252 261 268 -9999 -9999 -9999 -9999 -9999 -9999 -9999 -9999 -9999 246 238 223 240 226 250 266 267 269 270 256 226 248 258 247 229 246 265 273 269 282 282 252 228 229 266 280 281 280 277 241 162 125 175 177 171 206 240 252 260 261 262 264 265 266 266 267 268 268 268 268 267 266 265 264 263 264 264
-9999 -9999 -9999 -9999 252 -9999 247 247 252 -9999 255 -9999 257 237 242 257 255 259 -9999 -9999 -9999 -9999 -9999 -9999 -9999 -9999 -9999 -9999 -9999 246 234 242 241 256 266 268 269 271 268 225 225 237 215 202 217 238 250 256 273 277 252 240 228 259 280 280 278 276 250 178 108 129 141 127 153 221 255 258 259 260 261 262 263 265 265 266 266 266 266 265 265 264 263 263 263 264
-9999 -9999 -9999 -9999 -9999 -9999 -9999 248 250 -9999 -9999 -9999 249 227 238 255 -9999 -9999 -9999 -9999 -9999 -9999 -9999 -9999 -9999 -9999 -9999 -9999 -9999 -9999 239 248 241 247 263 270 272 270 269 249 184 194 167 186 204 230 229 232 261 264 254 249 248 270 280 278 275 270 246 198 105 98 131 168 166 224 249 253 255 256 258 260 261 262 263 264 264 264 264 264 263 263 263 263 263 264
-9999 -9999 -9999 -9999 -9999 -9999 -9999 -9999 -9999 -9999 -9999 -9999 -9999 -9999 -9999 -9999 -9999 -9999 -9999 -9999 -9999 -9999 -9999 -9999 -9999 -9999 -9999 -9999 -9999 -9999 259 257 250 253 263 267 271 270 257 245 191 162 147 217 204 195 212 216 240 247 252 255 268 279 281 278 274 261 229 208 97 83 115 153 206 236 248 250 252 253 255 257 259 260 261 262 263 263 263 263 262 262 262 263 263 264
-9999 -9999 -9999 -9999 -9999 -9999 -9999 -9999 -9999 -9999 -9999 -9999 -9999 -9999 -9999 -9999 -9999 -9999 -9999 -9999 -9999 -9999 -9999 -9999 -9999 -9999 -9999 -9999 -9999 -9999 -9999 255 248 247 255 268 275 274 247 234 208 199 178 191 142 162 203 205 216 236 250 266 276 277 278 278 271 233 213 216 154 80 90 142 192 231 244 249 250 252 254 256 258 259 260 261 262 262 262 262 262 262 263 263 266 266
-9999 -9999 -9999 -9999 -9999 -9999 -9999 -9999 -9999 -9999 -9999 -9999 -9999 -9999 -9999 -9999 -9999 -9999 -9999 -9999 -9999 -9999 -9999 -9999 -9999 -9999 -9999 -9999 -9999 -9999 -9999 -9999 251 247 250 270 275 274 237 228 185 193 198 157 141 153 201 215 214 231 252 270 276 276 276 275 262 183 217 212 194 137 75 87 120 170 223 247 250 252 254 256 257 258 259 260 261 261 261 261 262 262 262 263 266 266
