layers/bio8_SA.asc
ncols        300
nrows        420
xllcorner    -83.000000000000
yllcorner    -57.000000000000
cellsize     0.166666666667
NODATA_value  -9999
[rows 114 to 151 of 420, columns 0 to 85 of 300]
-9999 -9999 -9999 -9999 -9999 -9999 -9999 -9999 -9999 -9999 -9999 249 254 259 260 261 261 261 259 254 232 145 144 202 202 193 221 200 155 148 158 136 107 138 214 228 221 212 225 253 261 263 266 266 267 268 270 271 271 269 269 269 269 269 267 266 267 265 265 263 261 261 260 260 260 260 258 258 258 257 257 257 257 258 258 256 255 255 256 257 257 256 255 256 256 255
-9999 -9999 -9999 -9999 -9999 -9999 -9999 -9999 -9999 -9999 -9999 -9999 256 256 258 259 259 259 259 258 238 159 118 175 180 155 182 202 182 139 155 144 141 148 187 209 204 224 230 239 256 263 264 267 267 268 270 271 269 269 269 269 269 267 266 265 265 264 264 262 261 261 260 260 259 259 258 258 258 256 257 258 258 257 258 256 255 256 257 257 257 256 255 256 255 255
-9999 -9999 -9999 -9999 -9999 -9999 -9999 -9999 -9999 -9999 -9999 -9999 253 256 256 255 258 257 258 256 247 219 152 152 166 142 141 159 191 144 140 133 178 178 160 185 200 221 240 240 241 249 260 265 265 268 268 269 269 268 268 268 267 266 264 264 263 264 263 262 260 260 260 259 258 259 257 258 257 257 258 258 258 257 257 256 256 256 256 256 256 256 256 256 256 256
-9999 -9999 -9999 -9999 -9999 -9999 -9999 -9999 -9999 -9999 -9999 -9999 -9999 -9999 -9999 254 254 254 255 255 249 249 226 178 176 147 115 129 126 178 130 129 163 184 190 183 217 242 235 252 249 254 254 260 265 266 268 269 269 268 267 266 265 265 264 263 262 263 262 261 260 260 259 258 258 258 257 257 256 259 258 257 258 257 256 256 256 256 257 258 258 258 258 257 257 257
-9999 -9999 -9999 -9999 -9999 -9999 -9999 -9999 -9999 -9999 -9999 -9999 -9999 -9999 -9999 -9999 -9999 254 252 253 252 246 231 157 137 111 104 99 142 179 136 130 172 188 212 208 229 246 253 254 252 237 249 248 256 265 267 268 268 267 266 265 264 261 262 262 261 262 261 260 259 260 258 256 257 258 257 256 258 258 259 258 258 258 259 259 259 258 259 259 257 257 256 256 256 257
-9999 -9999 -9999 -9999 -9999 -9999 -9999 -9999 -9999 -9999 -9999 -9999 -9999 245 -9999 -9999 -9999 -9999 251 250 254 252 231 150 105 107 89 80 116 161 147 95 148 176 210 221 234 254 261 262 261 241 243 248 245 263 267 268 267 266 264 264 263 261 257 260 259 261 260 258 259 258 256 256 257 258 257 258 259 260 261 259 259 259 259 259 258 258 258 258 256 255 254 255 255 255
-9999 -9999 -9999 -9999 -9999 -9999 -9999 -9999 -9999 -9999 -9999 -9999 -9999 -9999 -9999 -9999 -9999 -9999 -9999 252 254 248 238 183 158 130 105 113 94 116 168 99 102 147 215 243 246 258 265 264 258 243 259 258 258 266 268 265 263 263 259 263 262 262 256 256 260 260 259 258 258 258 257 256 256 257 257 260 261 261 260 258 258 259 257 257 257 258 257 258 255 254 255 256 255 255
-9999 -9999 -9999 -9999 -9999 -9999 -9999 -9999 -9999 -9999 -9999 -9999 -9999 -9999 -9999 -9999 -9999 -9999 -9999 250 251 252 234 212 183 174 143 126 127 104 160 130 98 153 209 239 247 262 262 262 248 245 249 265 266 267 268 267 261 262 257 257 261 261 258 253 259 259 259 258 258 258 257 257 258 259 258 260 260 259 259 258 259 258 256 256 258 257 258 256 256 256 256 255 255 256
-9999 -9999 -9999 -9999 -9999 -9999 -9999 -9999 -9999 -9999 -9999 -9999 -9999 -9999 -9999 -9999 -9999 -9999 -9999 -9999 246 247 218 179 174 135 133 106 129 150 160 172 101 146 178 216 236 253 257 257 231 250 241 262 266 267 268 268 266 263 262 260 260 259 258 255 260 259 259 258 257 256 256 257 257 258 258 258 260 260 258 259 258 257 258 258 258 259 258 256 256 255 255 255 255 254
-9999 -9999 -9999 -9999 -9999 -9999 -9999 -9999 -9999 -9999 -9999 -9999 -9999 -9999 -9999 -9999 -9999 -9999 -9999 -9999 239 237 236 213 220 203 181 127 128 144 122 162 117 125 172 199 217 250 248 254 240 242 250 253 264 267 268 268 266 264 262 262 262 260 257 256 259 259 258 257 258 256 256 257 256 257 258 257 258 258 259 258 257 258 258 259 259 258 256 257 255 256 256 255 255 255
-9999 -9999 -9999 -9999 -9999 -9999 -9999 -9999 -9999 -9999 -9999 -9999 -9999 -9999 -9999 -9999 -9999 -9999 -9999 -9999 225 228 233 232 212 137 148 148 106 131 114 131 129 101 140 180 206 246 236 236 241 240 254 253 265 267 267 267 267 265 263 262 262 260 259 255 256 258 258 257 256 256 257 257 256 257 258 257 258 259 259 258 259 259 260 258 258 258 257 256 256 256 255 255 255 254
-9999 -9999 -9999 -9999 -9999 -9999 -9999 -9999 -9999 -9999 -9999 -9999 -9999 -9999 -9999 -9999 -9999 -9999 -9999 -9999 -9999 225 226 219 194 167 118 101 87 90 105 99 161 96 128 149 210 240 228 226 238 236 228 257 265 265 266 265 266 266 265 263 262 261 258 257 256 258 259 258 257 257 258 257 256 258 258 257 258 259 258 258 260 259 259 258 258 258 257 256 256 255 255 254 254 252
-9999 -9999 -9999 -9999 -9999 -9999 -9999 -9999 -9999 -9999 -9999 -9999 -9999 -9999 -9999 -9999 -9999 -9999 -9999 -9999 -9999 -9999 221 217 213 187 106 103 85 116 78 91 141 90 107 150 193 230 244 226 231 220 225 260 264 260 263 265 265 265 265 264 262 260 258 258 255 257 258 258 258 258 258 257 256 258 258 258 259 258 259 260 259 261 260 259 259 257 257 256 255 255 255 253 254 253
-9999 -9999 -9999 -9999 -9999 -9999 -9999 -9999 -9999 -9999 -9999 -9999 -9999 -9999 -9999 -9999 -9999 -9999 -9999 -9999 -9999 -9999 -9999 216 211 203 158 111 86 149 105 71 130 134 104 144 159 200 244 244 227 216 211 243 262 260 262 264 266 265 265 264 264 262 260 259 258 260 259 259 258 258 258 258 257 258 257 257 258 258 259 260 261 261 259 260 258 257 257 256 255 255 254 254 253 252
-9999 -9999 -9999 -9999 -9999 -9999 -9999 -9999 -9999 -9999 -9999 -9999 -9999 -9999 -9999 -9999 -9999 -9999 -9999 -9999 -9999 -9999 -9999 -9999 214 212 205 148 115 154 66 71 103 146 103 91 132 178 222 249 243 210 211 249 262 260 262 265 265 264 264 264 264 263 261 260 258 258 258 259 259 259 258 258 257 258 257 257 257 259 260 259 260 260 260 259 257 257 256 255 254 254 253 252 252 253
-9999 -9999 -9999 -9999 -9999 -9999 -9999 -9999 -9999 -9999 -9999 -9999 -9999 -9999 -9999 -9999 -9999 -9999 -9999 -9999 -9999 -9999 -9999 -9999 215 213 207 188 171 150 124 81 121 131 138 97 122 149 204 238 241 227 232 246 260 261 263 263 264 265 264 264 264 264 262 260 259 259 258 259 259 259 258 258 257 257 256 256 258 258 257 258 260 259 260 257 256 256 257 255 254 253 252 252 251 251
-9999 -9999 -9999 -9999 -9999 -9999 -9999 -9999 -9999 -9999 -9999 -9999 -9999 -9999 -9999 -9999 -9999 -9999 -9999 -9999 -9999 -9999 -9999 -9999 -9999 211 206 203 175 142 147 67 82 100 136 85 123 136 135 215 243 230 221 241 257 260 262 263 265 267 268 264 264 264 263 261 260 261 259 258 259 260 258 257 256 256 256 257 258 257 258 259 259 259 259 257 257 257 256 255 254 254 254 253 253 252
-9999 -9999 -9999 -9999 -9999 -9999 -9999 -9999 -9999 -9999 -9999 -9999 -9999 -9999 -9999 -9999 -9999 -9999 -9999 -9999 -9999 -9999 -9999 -9999 -9999 213 211 207 185 120 100 77 48 119 131 130 87 117 164 197 240 242 209 240 257 259 261 263 265 266 268 268 264 264 263 262 262 261 260 259 259 259 259 258 257 255 257 257 257 258 259 258 258 258 259 257 256 256 255 254 254 254 254 253 252 253
-9999 -9999 -9999 -9999 -9999 -9999 -9999 -9999 -9999 -9999 -9999 -9999 -9999 -9999 -9999 -9999 -9999 -9999 -9999 -9999 -9999 -9999 -9999 -9999 -9999 215 217 212 202 177 93 125 40 97 88 103 124 120 177 188 223 244 222 227 253 257 261 262 265 263 264 268 268 268 267 263 263 261 261 259 259 259 258 258 257 256 257 256 258 258 257 257 258 258 258 256 256 256 256 255 255 253 253 253 253 253
-9999 -9999 -9999 -9999 -9999 -9999 -9999 -9999 -9999 -9999 -9999 -9999 -9999 -9999 -9999 -9999 -9999 -9999 -9999 -9999 -9999 -9999 -9999 -9999 -9999 -9999 221 219 209 177 81 100 96 52 63 85 98 100 159 205 217 237 238 210 236 256 260 263 264 247 245 268 267 267 267 266 264 260 260 259 259 259 258 257 257 256 258 258 259 256 257 257 258 257 256 256 256 255 255 254 254 254 254 253 253 253
-9999 -9999 -9999 -9999 -9999 -9999 -9999 -9999 -9999 -9999 -9999 -9999 -9999 -9999 -9999 -9999 -9999 -9999 -9999 -9999 -9999 -9999 -9999 -9999 -9999 -9999 -9999 223 216 192 127 58 100 36 66 105 71 93 102 144 150 211 212 206 229 256 260 262 262 226 233 266 268 267 266 265 263 261 258 259 258 259 259 258 256 258 258 258 258 259 258 258 257 256 257 256 254 255 255 254 254 254 253 253 254 254
-9999 -9999 -9999 -9999 -9999 -9999 -9999 -9999 -9999 -9999 -9999 -9999 -9999 -9999 -9999 -9999 -9999 -9999 -9999 -9999 -9999 -9999 -9999 -9999 -9999 -9999 -9999 220 213 205 176 102 74 65 56 63 70 95 67 97 126 180 200 177 215 254 259 261 263 249 217 256 267 267 266 264 262 260 260 261 258 259 258 257 258 257 257 258 259 260 259 257 256 256 257 255 255 256 254 255 254 254 253 254 254 254
-9999 -9999 -9999 -9999 -9999 -9999 -9999 -9999 -9999 -9999 -9999 -9999 -9999 -9999 -9999 -9999 -9999 -9999 -9999 -9999 -9999 -9999 -9999 -9999 -9999 -9999 -9999 223 217 206 180 89 66 74 42 49 68 94 79 79 118 157 161 179 210 249 257 261 263 254 238 249 264 267 266 264 261 261 260 261 261 259 258 259 257 256 258 260 259 259 258 257 256 256 255 255 255 255 254 254 253 254 254 255 255 255
-9999 -9999 -9999 -9999 -9999 -9999 -9999 -9999 -9999 -9999 -9999 -9999 -9999 -9999 -9999 -9999 -9999 -9999 -9999 -9999 -9999 -9999 -9999 -9999 -9999 -9999 -9999 -9999 218 212 196 163 64 56 34 45 69 82 86 117 162 135 126 154 205 235 256 260 262 259 247 234 256 266 266 263 261 261 260 260 261 261 261 260 259 257 258 258 258 257 257 258 256 255 254 254 254 254 254 253 254 255 255 255 255 255
-9999 -9999 -9999 -9999 -9999 -9999 -9999 -9999 -9999 -9999 -9999 -9999 -9999 -9999 -9999 -9999 -9999 -9999 -9999 -9999 -9999 -9999 -9999 -9999 -9999 -9999 -9999 -9999 221 215 205 170 124 82 56 62 49 72 79 81 142 90 112 158 198 222 252 255 260 254 237 222 233 265 265 262 262 262 260 259 260 260 260 260 259 257 258 257 257 257 257 258 255 254 254 255 254 253 253 254 254 254 255 255 255 257
-9999 -9999 -9999 -9999 -9999 -9999 -9999 -9999 -9999 -9999 -9999 -9999 -9999 -9999 -9999 -9999 -9999 -9999 -9999 -9999 -9999 -9999 -9999 -9999 -9999 -9999 -9999 -9999 -9999 209 205 169 178 83 55 88 37 60 69 95 123 93 112 148 171 215 246 247 256 252 230 214 213 263 265 261 260 260 259 259 261 260 259 257 256 257 256 257 257 257 257 258 254 254 254 254 253 253 253 253 253 254 254 254 255 257
-9999 -9999 -9999 -9999 -9999 -9999 -9999 -9999 -9999 -9999 -9999 -9999 -9999 -9999 -9999 -9999 -9999 -9999 -9999 -9999 -9999 -9999 -9999 -9999 -9999 -9999 -9999 -9999 -9999 173 208 202 182 113 91 112 37 41 61 92 92 71 83 109 166 173 219 232 250 242 228 213 206 257 264 260 258 260 260 261 261 260 259 256 255 255 256 256 257 257 257 257 254 254 254 252 252 252 252 253 253 252 252 253 255 256
-9999 -9999 -9999 -9999 -9999 -9999 -9999 -9999 -9999 -9999 -9999 -9999 -9999 -9999 -9999 -9999 -9999 -9999 -9999 -9999 -9999 -9999 -9999 -9999 -9999 -9999 -9999 -9999 -9999 -9999 164 212 198 171 147 83 44 45 59 62 69 68 70 104 140 174 184 212 232 227 219 219 212 239 264 260 258 262 262 262 261 260 259 256 256 256 256 256 257 257 256 253 253 253 252 252 252 253 253 252 251 251 254 255 257 258
-9999 -9999 -9999 -9999 -9999 -9999 -9999 -9999 -9999 -9999 -9999 -9999 -9999 -9999 -9999 -9999 -9999 -9999 -9999 -9999 -9999 -9999 -9999 -9999 -9999 -9999 -9999 -9999 -9999 -9999 165 164 210 178 102 39 69 49 43 56 62 60 73 112 147 182 193 205 213 214 208 215 218 214 247 259 262 262 262 261 260 259 258 255 255 256 257 258 256 255 251 251 252 253 253 253 253 252 251 250 251 251 253 254 256 257
-9999 -9999 -9999 -9999 -9999 -9999 -9999 -9999 -9999 -9999 -9999 -9999 -9999 -9999 -9999 -9999 -9999 -9999 -9999 -9999 -9999 -9999 -9999 -9999 -9999 -9999 -9999 -9999 -9999 -9999 -9999 221 215 197 142 123 97 69 38 50 65 63 61 85 115 168 217 214 230 219 212 206 219 220 231 258 260 260 262 261 260 258 257 256 256 256 257 256 254 251 250 250 251 250 251 251 251 251 251 251 251 252 253 255 256 257
-9999 -9999 -9999 -9999 -9999 -9999 -9999 -9999 -9999 -9999 -9999 -9999 -9999 -9999 -9999 -9999 -9999 -9999 -9999 -9999 -9999 -9999 -9999 -9999 -9999 -9999 -9999 -9999 -9999 -9999 -9999 222 220 210 195 167 71 39 36 39 54 62 53 64 96 188 192 177 211 231 220 227 225 222 221 253 258 259 260 261 260 259 259 258 256 253 253 250 250 250 250 250 250 250 251 251 251 251 251 251 251 252 253 255 256 258
-9999 -9999 -9999 -9999 -9999 -9999 -9999 -9999 -9999 -9999 -9999 -9999 -9999 -9999 -9999 -9999 -9999 -9999 -9999 -9999 -9999 -9999 -9999 -9999 -9999 -9999 -9999 -9999 -9999 -9999 -9999 167 168 159 204 172 144 95 45 36 52 52 53 72 107 151 163 108 172 217 231 230 239 223 238 248 258 256 258 260 260 259 258 256 253 248 249 249 250 250 251 251 251 251 251 251 251 251 251 251 252 253 254 255 256 258
-9999 -9999 -9999 -9999 -9999 -9999 -9999 -9999 -9999 -9999 -9999 -9999 -9999 -9999 -9999 -9999 -9999 -9999 -9999 -9999 -9999 -9999 -9999 -9999 -9999 -9999 -9999 -9999 -9999 -9999 159 -9999 166 164 163 210 174 79 54 32 40 48 53 76 87 90 166 102 103 186 215 224 228 235 194 203 243 248 256 259 260 259 258 254 251 251 251 251 250 250 250 250 251 252 251 249 250 251 252 253 254 255 255 256 257 257
-9999 -9999 -9999 -9999 -9999 -9999 -9999 -9999 -9999 -9999 -9999 -9999 -9999 -9999 -9999 -9999 -9999 -9999 -9999 -9999 -9999 -9999 -9999 -9999 -9999 -9999 -9999 -9999 -9999 -9999 -9999 -9999 -9999 -9999 166 208 186 142 55 32 25 36 54 55 69 55 81 109 73 105 167 220 226 248 210 152 191 237 255 257 256 256 255 253 253 254 254 254 253 250 248 249 249 250 252 251 249 249 251 252 253 254 255 256 257 258
-9999 -9999 -9999 -9999 -9999 -9999 -9999 -9999 -9999 -9999 -9999 -9999 -9999 -9999 -9999 -9999 -9999 -9999 -9999 -9999 -9999 -9999 -9999 -9999 -9999 -9999 -9999 -9999 -9999 -9999 -9999 -9999 -9999 -9999 166 214 199 134 85 44 40 28 40 60 85 87 50 72 79 132 130 198 225 248 241 194 168 223 252 254 255 255 254 252 253 253 253 253 254 252 250 250 249 251 251 252 252 251 252 253 254 254 255 256 257 259
-9999 -9999 -9999 -9999 -9999 -9999 -9999 -9999 -9999 -9999 -9999 -9999 -9999 -9999 -9999 -9999 -9999 -9999 -9999 -9999 -9999 -9999 -9999 -9999 -9999 -9999 -9999 -9999 -9999 -9999 -9999 160 -9999 -9999 167 161 207 186 159 84 29 20 31 53 63 94 93 45 79 133 145 152 215 244 251 217 190 199 249 250 255 251 239 240 244 250 251 252 253 254 253 251 251 251 251 251 253 254 253 254 254 255 257 257 258 260
-9999 -9999 -9999 -9999 -9999 -9999 -9999 -9999 -9999 -9999 -9999 -9999 -9999 -9999 -9999 -9999 -9999 -9999 -9999 -9999 -9999 -9999 -9999 -9999 -9999 -9999 -9999 -9999 -9999 -9999 -9999 -9999 -9999 -9999 163 160 223 205 158 98 55 39 35 40 59 77 116 64 97 161 160 187 186 246 231 202 181 176 232 249 252 248 224 213 218 219 232 249 250 252 253 253 251 251 252 252 252 253 254 255 256 256 256 258 258 260
-9999 -9999 -9999 -9999 -9999 -9999 -9999 -9999 -9999 -9999 -9999 -9999 -9999 -9999 -9999 -9999 -9999 -9999 -9999 -9999 -9999 -9999 -9999 -9999 -9999 -9999 -9999 -9999 -9999 -9999 -9999 -9999 -9999 -9999 -9999 161 162 216 179 115 114 43 28 51 38 62 83 84 112 155 102 150 210 240 235 180 152 184 205 230 243 238 220 203 186 187 212 234 245 250 252 254 253 252 252 253 253 254 254 255 256 258 258 258 259 260
