layers/bio8_SA.asc
ncols        300
nrows        420
xllcorner    -83.000000000000
yllcorner    -57.000000000000
cellsize     0.166666666667
NODATA_value  -9999
[rows 38 to 75 of 420, columns 86 to 171 of 300]
266 266 267 268 268 268 269 269 268 267 262 258 254 234 229 250 257 257 241 228 246 264 269 271 262 257 258 257 256 255 254 255 254 254 250 252 248 249 259 263 262 265 264 263 261 251 237 235 255 255 255 256 256 257 257 258 257 258 257 257 260 259 261 263 266 267 -9999 -9999 -9999 -9999 -9999 -9999 -9999 -9999 -9999 -9999 -9999 -9999 -9999 -9999 -9999 -9999 -9999 -9999 -9999 -9999
266 266 267 268 268 268 269 269 269 265 256 242 256 243 244 255 256 256 253 236 226 253 269 269 262 259 257 255 254 254 254 253 252 253 249 244 241 244 252 255 260 264 264 262 261 251 236 232 253 259 258 257 256 256 256 257 257 256 257 258 259 257 259 262 266 267 269 -9999 -9999 -9999 -9999 -9999 -9999 -9999 -9999 -9999 -9999 -9999 -9999 -9999 -9999 -9999 -9999 -9999 -9999 -9999
267 267 268 268 269 269 270 269 266 265 253 244 245 248 249 254 254 249 249 244 220 230 266 269 262 258 256 254 254 252 249 250 249 251 251 239 234 237 231 247 260 263 263 261 252 240 224 226 235 245 259 258 257 257 256 257 256 255 258 258 258 257 260 262 265 268 269 270 271 -9999 -9999 -9999 -9999 -9999 -9999 -9999 -9999 -9999 -9999 -9999 -9999 -9999 -9999 -9999 -9999 -9999
267 268 269 269 269 269 269 269 263 262 253 238 219 240 246 249 249 241 244 226 206 239 263 258 257 257 256 254 251 251 248 243 247 250 251 236 236 237 238 242 244 227 254 252 246 231 222 224 226 235 250 259 259 254 255 256 258 257 260 257 259 258 261 262 265 267 269 270 271 270 271 -9999 -9999 -9999 -9999 -9999 -9999 -9999 -9999 -9999 -9999 266 -9999 -9999 -9999 -9999
268 269 269 269 268 271 267 267 260 255 252 237 225 215 243 209 219 236 242 216 208 230 248 256 256 255 255 254 252 231 219 231 245 248 248 234 194 208 245 224 219 217 199 193 195 215 218 225 236 231 228 234 260 257 258 259 260 259 259 258 261 260 262 262 265 267 268 270 271 271 272 271 271 270 270 269 267 267 266 265 266 265 264 264 264 264
270 270 270 269 271 270 268 260 248 239 233 222 211 227 224 196 217 258 236 216 190 219 245 256 256 255 254 254 244 215 224 231 247 250 241 224 204 223 233 210 210 194 192 195 204 225 231 228 238 236 228 217 241 257 261 261 260 258 260 260 263 262 262 264 266 267 268 269 270 271 271 271 270 270 270 268 267 266 265 264 264 264 264 264 263 264
270 270 270 269 271 269 266 262 259 242 235 241 238 227 253 261 263 240 228 223 177 231 249 255 257 256 255 240 249 252 250 243 249 250 245 237 228 229 222 212 213 204 197 200 210 215 227 232 232 238 227 219 227 252 260 261 262 262 262 262 263 263 263 264 266 267 268 269 269 270 270 270 270 269 269 268 266 265 265 263 262 263 263 263 264 263
271 271 271 270 269 269 264 260 249 249 243 236 237 232 258 266 267 254 253 201 187 218 248 254 255 256 254 246 250 250 252 252 251 251 248 247 243 214 199 166 209 211 201 200 207 198 209 237 234 237 225 220 221 238 248 257 264 265 265 265 264 263 264 265 265 267 267 268 269 270 269 269 269 269 269 268 266 265 264 263 261 262 263 263 263 261
271 271 271 270 269 266 262 260 257 248 224 236 253 263 260 266 266 262 258 244 210 214 247 251 254 252 251 252 251 249 245 252 252 251 249 247 242 240 168 159 210 210 207 211 209 205 195 195 216 223 206 209 219 232 240 243 253 261 265 265 263 264 264 266 266 266 266 267 269 269 268 268 268 268 267 267 266 264 263 263 262 263 263 263 262 261
270 270 270 269 269 266 264 230 228 220 231 226 253 265 267 267 266 265 263 257 223 230 248 250 247 244 252 248 246 250 251 247 246 249 247 248 247 242 231 207 221 219 210 212 210 212 200 190 199 214 194 205 216 227 238 236 241 261 256 264 263 263 266 264 265 266 267 267 269 267 266 267 268 267 266 266 266 264 263 264 263 264 264 263 262 263
269 269 269 269 268 266 265 237 239 210 197 204 241 263 265 267 266 265 262 257 246 230 233 246 219 204 247 245 237 235 250 251 250 249 247 243 245 239 233 223 222 222 220 218 216 211 203 203 206 220 203 208 218 226 234 228 249 265 263 262 264 265 265 265 266 267 267 267 267 266 267 266 265 266 266 266 265 264 262 260 257 264 262 261 259 262
268 268 268 267 267 266 265 264 263 230 198 197 242 257 266 266 266 263 259 255 255 243 238 244 186 196 229 249 223 230 246 242 249 248 249 241 241 244 238 229 221 218 219 214 205 216 212 215 220 222 225 230 225 225 225 227 253 262 265 266 265 263 263 265 267 265 265 266 264 266 265 258 261 266 266 266 263 263 262 262 262 265 264 262 256 262
266 266 266 267 267 266 265 265 264 233 207 226 259 264 267 266 265 248 228 231 240 249 239 232 213 189 187 226 245 234 233 233 236 250 247 248 237 235 236 224 225 223 220 212 209 212 216 214 216 227 233 238 238 240 235 250 264 264 265 266 266 261 264 265 266 265 265 265 263 260 258 256 265 265 265 263 263 262 262 263 264 265 264 263 261 262
264 265 266 266 266 266 265 263 251 234 247 261 266 266 267 265 264 231 205 207 210 223 226 231 218 213 216 236 246 241 209 230 233 247 247 245 237 232 243 237 233 231 229 222 229 230 239 237 243 242 243 237 242 246 241 249 263 264 266 257 265 265 265 265 266 265 264 263 262 259 257 260 264 264 263 263 262 261 262 263 263 263 262 258 257 259
264 264 265 265 265 265 265 263 262 260 264 266 265 266 265 264 258 246 224 220 207 204 196 199 220 226 226 235 237 242 219 227 228 232 245 245 242 239 241 242 241 237 235 243 249 253 254 251 255 252 247 245 245 253 240 241 244 256 265 260 265 265 265 264 265 264 263 263 259 258 255 260 264 264 258 257 262 260 261 263 262 260 259 252 256 260
263 263 264 264 264 265 264 264 263 264 265 265 265 263 264 263 251 249 239 223 212 198 199 193 216 225 227 227 237 241 228 220 232 237 243 237 234 239 238 239 235 246 254 258 259 261 260 260 262 262 256 257 249 248 255 250 251 266 265 265 266 265 265 264 264 263 263 263 259 256 255 260 264 265 256 261 262 261 263 263 260 259 260 260 259 259
262 263 263 263 263 264 264 264 264 264 264 263 264 263 254 249 249 242 243 215 219 215 211 199 208 222 229 227 229 239 232 232 229 241 231 240 248 252 244 249 252 254 260 262 262 263 263 263 262 262 262 257 258 264 263 261 265 267 265 266 265 265 265 264 264 264 262 260 258 249 259 259 259 262 257 257 261 261 262 261 258 258 259 259 258 255
263 263 262 262 262 263 263 264 263 264 264 261 264 263 257 244 254 243 218 200 236 224 218 213 221 205 220 232 237 237 245 247 245 217 202 217 250 254 251 254 257 249 257 263 263 264 264 264 264 265 264 265 266 267 267 267 267 266 266 266 264 265 264 264 264 264 261 258 258 257 255 253 244 253 257 258 259 262 260 259 257 256 257 257 256 253
261 262 262 262 262 262 263 263 263 263 263 263 263 259 260 257 260 215 207 208 248 251 218 222 216 210 233 234 240 238 235 245 249 245 225 225 245 255 254 253 257 260 262 262 263 264 264 265 265 265 266 266 267 268 267 267 266 265 265 266 264 264 265 264 263 264 262 261 260 258 255 257 253 253 249 259 261 260 259 257 257 257 256 254 254 251
260 260 260 261 261 262 262 262 262 261 262 262 262 261 260 257 259 205 188 255 260 258 232 219 209 221 239 231 236 241 237 238 246 249 247 245 248 243 252 256 257 259 261 263 263 263 264 264 265 265 266 266 267 268 264 260 260 259 265 265 265 264 265 263 262 261 261 260 260 259 257 258 257 255 258 256 257 259 258 257 257 257 255 254 252 251
259 260 260 260 261 261 261 261 261 261 261 261 261 259 254 256 260 254 237 259 259 258 237 220 224 244 222 207 235 240 240 239 242 249 250 250 251 251 251 253 256 257 260 262 262 261 262 263 264 266 264 264 267 254 233 247 246 243 259 265 264 261 261 260 259 259 260 260 260 260 258 258 257 251 252 251 255 258 258 257 257 256 252 252 251 250
259 259 260 260 260 260 260 260 260 260 261 260 260 260 260 260 260 260 260 261 259 260 246 239 252 224 208 204 216 231 236 236 236 240 248 249 250 250 251 251 254 256 260 262 262 263 263 264 264 265 264 265 266 264 249 257 255 254 262 263 262 259 259 257 256 257 258 258 260 259 259 255 256 256 255 256 258 258 258 256 253 250 246 252 252 250
258 258 258 258 259 259 259 259 259 259 259 260 260 259 260 260 260 260 259 261 262 261 260 257 253 214 200 197 214 227 230 240 242 247 250 251 250 250 251 250 253 258 261 262 263 264 264 264 264 264 264 264 266 264 265 263 262 261 263 261 262 256 257 258 255 256 258 259 260 259 259 256 256 257 253 254 256 255 256 253 251 247 249 253 252 250
257 257 258 258 257 258 259 258 258 258 259 260 260 260 260 260 260 261 260 260 262 262 261 260 253 235 213 202 214 220 222 233 247 251 252 253 253 253 255 255 256 258 261 262 263 263 263 264 264 264 264 264 263 263 264 264 263 261 261 261 262 258 257 257 256 257 259 260 260 260 260 259 258 255 253 243 254 254 253 253 250 243 252 252 252 252
256 256 256 256 256 257 258 258 258 259 259 259 259 260 260 260 259 260 258 257 261 260 260 253 233 233 227 206 212 220 223 223 233 250 248 252 246 249 254 256 258 261 261 260 261 261 264 263 263 264 264 264 264 263 263 264 262 259 261 260 261 256 258 257 258 259 260 260 260 261 261 260 257 257 255 243 249 248 253 252 249 242 242 245 252 252
255 256 255 256 256 256 257 257 257 257 258 258 259 260 260 261 260 260 260 249 256 261 260 252 238 245 245 223 211 220 222 220 232 244 250 251 253 254 255 259 260 259 259 248 258 259 264 264 263 255 256 262 263 263 262 262 260 258 260 258 258 257 258 258 260 259 260 261 260 260 261 260 258 253 252 248 247 244 248 247 246 245 238 241 250 252
255 255 254 255 255 256 256 256 256 257 257 257 259 260 260 261 261 261 258 250 259 259 256 255 257 256 253 246 236 235 232 217 232 249 252 252 255 255 258 259 256 260 263 261 263 262 263 263 263 258 254 261 261 262 261 260 257 256 257 257 257 258 258 259 261 260 260 260 260 258 261 261 260 258 255 248 252 241 238 247 246 247 244 243 244 246
255 254 252 253 255 255 256 256 256 256 257 257 259 260 261 261 261 261 258 241 259 260 250 241 249 245 244 241 242 238 236 225 244 251 253 254 257 259 259 259 260 260 262 262 264 264 263 258 262 259 257 260 259 260 258 257 257 257 258 258 257 258 258 260 261 261 261 260 258 258 259 260 259 258 259 257 255 249 241 244 248 247 246 245 247 247
254 254 251 251 254 255 256 256 255 256 256 258 259 260 261 261 261 261 255 235 259 258 239 234 233 235 235 236 238 248 257 257 260 255 258 258 259 260 261 260 258 259 264 265 265 265 264 262 262 260 261 259 258 257 256 256 257 257 257 257 258 258 259 260 260 260 260 256 257 259 259 259 256 252 255 257 255 254 249 247 247 249 247 247 247 249
253 254 254 254 254 256 256 256 256 256 257 258 260 260 260 261 259 261 239 233 258 245 236 237 237 237 236 236 256 261 261 261 260 261 261 259 257 260 260 253 236 229 264 265 266 265 265 264 264 263 261 257 256 256 256 257 257 252 256 259 260 255 258 260 260 259 259 257 259 260 260 260 256 252 253 255 254 254 252 250 249 249 248 248 249 250
256 257 257 257 258 256 256 257 260 260 261 262 261 261 261 261 241 248 236 235 240 239 238 236 236 235 232 244 261 262 262 262 262 261 258 257 260 261 254 242 230 255 266 265 266 266 265 265 262 262 262 259 258 258 253 250 250 253 258 259 258 249 245 254 258 259 259 259 259 260 261 260 257 254 254 255 255 254 253 251 250 249 248 247 249 250
257 257 258 257 259 259 260 260 262 262 263 264 262 262 262 262 250 236 239 238 238 234 236 232 232 240 244 243 259 259 262 262 262 262 262 262 260 263 255 250 256 262 266 266 266 266 266 266 265 264 255 257 259 260 262 256 244 249 253 259 256 252 253 251 253 257 259 261 260 260 260 259 258 255 254 256 255 252 253 251 248 249 248 248 248 246
256 257 257 259 259 260 258 262 264 265 266 263 263 263 262 262 245 237 238 238 237 235 234 228 246 260 260 249 242 237 261 259 261 262 262 263 263 264 256 264 265 266 266 266 266 266 266 266 265 265 264 263 263 263 260 259 262 249 247 253 248 249 244 243 246 252 258 261 261 260 259 259 257 255 255 255 254 251 253 252 249 249 249 248 246 248
255 256 257 258 259 260 259 261 265 266 265 265 264 264 263 261 229 237 238 237 237 238 243 260 262 262 262 262 261 252 227 222 254 261 262 264 263 263 264 265 265 266 267 266 266 266 266 266 265 265 264 264 264 260 259 261 262 260 250 256 259 256 256 245 242 251 252 256 259 261 260 260 256 255 255 254 254 253 252 251 248 248 247 248 245 248
255 256 257 258 259 261 259 261 262 264 265 273 264 263 263 225 194 245 247 235 238 256 260 262 262 262 262 262 263 263 261 219 220 258 263 264 264 264 264 265 266 266 266 266 266 266 267 266 266 265 262 264 264 263 262 263 261 259 251 247 258 256 257 249 247 251 255 257 256 261 261 260 258 253 255 254 254 253 251 250 249 248 247 248 247 246
254 255 257 258 259 260 262 263 262 263 264 264 263 262 257 208 229 256 234 236 257 262 261 262 262 263 263 263 264 263 264 263 254 262 263 264 264 264 265 265 265 266 266 266 266 267 267 266 266 265 264 264 264 264 264 264 264 263 256 251 258 260 258 256 251 254 257 258 260 261 261 261 259 254 253 254 254 252 251 250 250 246 247 246 247 247
254 255 256 258 259 260 262 263 264 261 262 263 262 259 258 261 253 250 234 219 252 262 262 262 263 263 263 263 264 263 264 264 264 264 264 265 265 265 265 265 265 266 266 266 267 267 267 267 266 265 265 265 264 264 263 264 265 264 263 262 262 262 263 262 258 258 258 259 261 258 261 261 260 258 258 256 253 252 252 251 248 242 248 249 248 249
254 255 257 257 258 259 261 262 263 260 261 262 262 262 261 250 255 244 227 228 243 262 260 261 263 263 263 263 263 264 265 264 265 264 264 265 265 265 265 265 266 266 266 266 267 267 267 267 266 265 264 262 265 264 264 265 261 262 262 263 263 264 265 264 263 262 262 259 260 261 261 261 261 260 259 259 254 253 253 251 244 242 241 245 248 250
