layers/bio9_SA.asc
ncols        300
nrows        420
xllcorner    -83.000000000000
yllcorner    -57.000000000000
cellsize     0.166666666667
NODATA_value  -9999
[rows 190 to 227 of 420, columns 174 to 260 of 300]
227 225 221 219 217 213 210 209 210 215 217 216 219 224 226 226 228 227 224 224 229 232 233 234 233 231 227 224 217 207 201 197 196 198 199 192 186 187 187 191 196 198 194 204 210 207 202 205 203 201 206 210 210 207 204 199 194 193 195 193 182 172 170 179 177 173 168 169 170 175 194 209 217 219 215 212 212 209 216 218 218 218 219 219 220 220 -9999
225 221 219 217 220 217 214 213 214 217 219 221 221 219 224 227 225 228 229 227 228 230 228 227 229 228 225 220 214 208 201 198 195 194 192 193 188 183 184 185 189 194 193 198 205 203 198 201 198 202 208 210 210 208 205 201 196 193 194 195 191 171 178 182 179 173 169 172 174 190 209 216 218 221 220 216 212 200 203 214 217 217 218 220 220 220 -9999
226 221 221 217 217 219 218 217 218 221 220 221 220 221 224 224 226 227 227 227 228 226 226 225 224 224 222 217 211 207 204 201 198 196 193 189 191 187 185 188 190 191 190 193 193 199 193 195 194 200 207 209 208 209 204 202 197 193 196 197 192 180 168 180 177 175 178 190 187 197 212 216 214 218 221 212 220 213 205 217 218 218 221 221 220 220 -9999
221 220 221 218 215 215 220 221 220 223 222 220 214 216 220 223 225 225 226 225 224 224 223 222 219 218 218 217 213 209 205 202 201 199 195 190 188 186 185 183 185 187 189 192 190 193 189 186 191 198 205 205 206 208 204 201 200 197 198 200 194 186 165 177 183 183 181 185 195 212 213 208 205 211 200 207 220 221 206 219 214 214 221 221 222 220 -9999
221 218 221 218 218 219 218 220 224 225 222 220 218 213 220 220 222 223 223 221 218 219 219 218 217 215 213 214 213 211 209 205 202 201 201 197 190 187 185 179 178 180 183 188 189 187 182 185 193 201 202 203 202 203 201 197 199 200 199 200 197 189 166 170 181 178 168 168 198 212 200 200 202 194 197 202 220 224 211 217 219 214 223 222 222 222 -9999
217 216 220 221 220 220 222 224 225 225 224 222 217 211 218 220 219 220 219 216 214 212 213 214 214 215 215 214 213 210 207 205 204 203 203 202 197 190 184 181 177 178 183 183 185 184 181 181 190 199 199 199 199 197 195 191 195 198 195 197 196 189 168 182 173 171 174 189 206 207 190 185 191 201 213 217 219 217 218 221 221 222 223 224 224 223 -9999
216 217 220 222 221 222 221 222 222 223 223 221 216 215 216 216 216 216 212 210 210 212 210 214 213 213 214 213 210 211 208 210 208 208 209 207 205 198 189 180 177 175 175 177 179 176 178 183 190 195 197 196 193 191 192 188 190 196 193 194 194 183 174 182 175 178 177 187 205 203 191 177 186 201 208 213 212 216 206 212 207 214 224 225 225 -9999 -9999
219 215 219 221 223 221 221 219 220 221 223 221 219 214 214 213 211 210 209 208 207 206 209 211 212 213 214 215 215 213 211 213 212 212 209 209 207 203 197 188 176 176 172 170 172 174 174 187 192 193 194 192 186 188 190 188 185 190 192 187 181 174 165 176 173 175 176 195 204 195 185 170 182 199 200 205 193 210 204 193 188 215 226 226 -9999 -9999 -9999
219 218 218 221 223 222 221 219 220 220 221 221 217 215 215 212 209 206 202 200 200 200 201 206 208 209 208 211 213 212 213 213 213 211 211 209 208 200 198 193 182 172 171 169 172 176 180 185 188 191 192 185 182 183 187 186 183 184 187 180 166 165 156 165 174 176 177 198 199 193 180 165 184 190 187 188 185 194 171 181 195 222 226 227 -9999 -9999 -9999
218 220 217 218 219 222 220 218 217 219 220 221 218 214 214 211 208 204 198 195 206 195 197 201 203 205 207 208 211 211 212 209 210 209 208 207 203 196 186 183 189 183 182 171 164 170 180 183 187 188 188 181 178 182 185 184 177 176 182 181 160 168 152 169 176 183 188 190 190 179 175 170 177 178 177 165 169 173 170 183 193 223 225 -9999 -9999 -9999 -9999
218 220 218 217 219 220 221 218 217 216 217 219 218 214 213 211 204 199 195 195 207 198 198 199 200 202 204 204 207 207 209 206 206 207 204 203 202 196 187 184 184 176 186 181 168 170 178 181 180 183 181 177 174 180 182 179 180 175 175 175 163 160 150 163 177 180 186 186 179 167 165 159 165 139 175 177 185 165 166 183 209 226 227 -9999 -9999 -9999 -9999
217 219 219 217 216 216 217 219 216 216 214 215 217 215 215 207 201 197 195 194 194 194 195 198 200 199 200 203 203 204 204 203 201 204 204 198 196 197 190 185 183 177 183 181 182 173 169 176 172 180 181 179 173 174 175 172 176 173 167 171 171 166 156 167 173 176 177 177 171 151 164 162 163 160 184 186 205 182 177 200 211 224 -9999 -9999 -9999 -9999 -9999
215 216 218 218 215 214 215 215 216 215 213 212 213 214 213 203 198 195 194 193 193 193 194 195 196 198 197 199 200 203 202 201 199 201 202 200 194 189 190 189 185 176 182 179 177 179 178 177 178 178 180 177 172 172 172 168 167 165 167 172 168 167 176 172 174 175 174 172 165 156 165 172 172 172 186 204 216 209 193 217 222 -9999 -9999 -9999 -9999 -9999 -9999
216 215 216 218 216 213 211 212 212 213 212 210 208 211 208 197 192 191 193 193 194 194 195 196 196 197 197 198 198 201 203 200 197 197 199 199 195 188 182 182 184 176 174 168 168 169 171 175 171 169 177 177 177 176 170 168 166 166 168 168 167 170 175 175 174 173 176 181 163 172 170 183 178 177 175 189 203 217 219 220 221 -9999 -9999 -9999 -9999 -9999 -9999
214 215 214 214 215 214 211 209 208 208 208 208 205 206 201 195 190 188 189 189 193 193 194 194 195 196 196 197 199 200 202 198 196 192 196 195 192 189 186 183 179 171 166 162 163 161 166 176 177 176 176 177 179 177 175 171 170 170 170 169 168 164 169 174 174 177 192 189 175 190 189 189 198 192 198 201 204 213 214 217 -9999 -9999 -9999 -9999 -9999 -9999 -9999
215 215 214 213 212 213 210 207 207 205 203 202 203 197 208 205 203 200 187 186 187 189 189 192 193 194 194 194 195 197 197 194 191 189 191 191 184 182 186 185 174 171 172 167 163 168 172 175 178 174 172 173 174 177 175 172 169 167 166 168 168 166 168 181 186 191 195 189 196 190 189 194 204 206 202 208 211 209 209 -9999 -9999 -9999 -9999 -9999 -9999 -9999 -9999
213 214 214 212 211 211 208 205 204 204 200 200 199 193 202 201 202 201 189 186 184 184 186 187 188 190 191 191 191 192 194 194 191 188 187 188 185 183 185 185 183 181 174 169 160 162 172 176 177 177 173 168 169 170 169 165 164 166 165 163 163 163 167 175 188 190 183 202 202 198 193 190 193 203 204 206 207 207 206 -9999 -9999 -9999 -9999 -9999 -9999 -9999 -9999
215 214 213 212 211 210 207 204 202 200 200 200 196 193 201 199 198 198 187 186 185 183 181 182 184 186 186 188 190 190 191 190 188 185 181 184 185 183 183 178 177 180 171 164 164 166 169 173 176 175 172 168 165 165 161 159 157 163 161 161 160 169 172 175 183 187 185 191 190 194 194 193 192 199 201 208 209 207 -9999 -9999 -9999 -9999 -9999 -9999 -9999 -9999 -9999
215 214 212 210 206 205 204 203 201 200 200 197 192 190 190 201 201 198 184 183 183 182 182 182 181 181 183 182 185 188 188 187 185 181 177 176 179 181 180 175 174 174 169 153 152 159 158 163 175 175 170 169 167 164 156 156 157 159 155 155 157 171 173 174 174 176 173 183 193 195 194 194 187 176 199 209 210 208 -9999 -9999 -9999 -9999 -9999 -9999 -9999 -9999 -9999
216 215 212 208 205 202 200 198 197 199 198 193 189 186 186 199 199 199 186 182 180 179 179 179 179 179 179 180 182 183 185 185 184 182 180 173 172 173 174 177 176 174 172 159 145 151 155 151 164 172 167 160 164 163 157 148 149 151 149 151 158 163 171 178 177 177 177 189 188 182 190 186 167 196 204 207 208 207 206 -9999 -9999 -9999 -9999 -9999 -9999 -9999 -9999
212 213 211 205 204 201 199 198 198 199 194 190 189 188 186 184 197 196 195 193 180 178 176 175 177 176 176 176 180 179 181 181 180 178 174 172 169 167 167 171 174 172 170 165 157 150 149 152 164 170 165 151 159 162 151 130 133 140 144 160 166 175 179 179 184 184 170 168 167 173 179 168 189 201 204 206 206 206 205 -9999 -9999 -9999 -9999 -9999 -9999 -9999 -9999
212 211 210 205 202 200 200 211 210 206 202 189 187 187 185 183 195 193 192 189 176 177 178 177 184 170 170 176 178 176 178 179 176 169 173 168 166 166 169 168 170 170 170 163 159 160 159 162 166 163 159 149 136 154 151 120 125 144 163 167 168 173 179 183 175 165 158 147 150 159 156 177 201 203 205 205 206 -9999 -9999 -9999 -9999 -9999 -9999 -9999 -9999 -9999 -9999
209 207 206 205 202 212 211 206 203 201 200 202 201 186 185 185 196 194 194 191 188 175 172 174 185 172 173 174 175 175 175 178 175 168 165 161 160 167 170 167 168 167 168 167 159 154 139 145 160 159 159 150 127 127 129 124 144 181 177 174 174 179 176 169 152 146 160 170 156 167 183 199 205 205 -9999 -9999 -9999 -9999 -9999 -9999 -9999 -9999 -9999 -9999 -9999 -9999 -9999
205 204 204 202 211 210 206 205 204 203 202 203 201 200 199 199 198 195 195 193 190 185 186 186 174 175 175 175 174 173 172 174 175 177 175 173 172 173 170 169 168 167 164 156 156 141 124 146 143 145 132 126 131 159 166 165 173 174 175 174 180 189 191 183 188 184 202 202 192 205 207 207 207 -9999 -9999 -9999 -9999 -9999 -9999 -9999 -9999 -9999 -9999 -9999 -9999 -9999 -9999
201 202 201 210 206 201 199 198 197 197 198 197 195 196 197 197 199 199 198 195 191 189 190 189 188 177 175 174 173 173 172 170 166 175 175 175 174 174 171 170 167 165 159 152 147 138 138 129 110 138 116 138 166 166 151 126 124 141 151 167 177 208 208 204 204 203 204 201 200 206 207 208 208 -9999 -9999 -9999 -9999 -9999 -9999 -9999 -9999 -9999 -9999 -9999 -9999 -9999 -9999
197 198 207 202 198 195 194 192 191 191 192 192 191 189 189 192 194 195 197 196 195 194 194 194 194 191 174 171 171 173 173 169 163 163 172 175 175 172 168 167 165 161 153 151 150 147 138 122 138 144 163 167 157 145 140 130 152 168 174 174 181 210 208 202 200 205 204 201 203 207 208 209 207 -9999 -9999 -9999 -9999 -9999 -9999 -9999 -9999 -9999 -9999 -9999 -9999 -9999 -9999
194 205 203 198 197 195 194 192 190 186 184 184 183 183 184 187 191 193 194 192 190 194 194 192 194 189 171 171 170 171 173 168 163 160 170 171 170 171 169 166 163 158 153 150 149 148 144 153 159 164 161 154 142 145 134 152 193 205 195 199 207 210 207 208 203 -9999 -9999 -9999 -9999 -9999 -9999 209 -9999 -9999 -9999 -9999 -9999 -9999 -9999 -9999 -9999 -9999 -9999 -9999 -9999 -9999 -9999
190 201 199 197 196 195 195 194 191 185 177 173 179 173 177 170 176 179 178 176 173 188 188 188 186 183 166 164 172 175 176 175 172 167 165 165 165 166 166 165 160 150 148 150 144 144 151 157 160 155 146 147 139 127 149 180 195 206 199 208 -9999 -9999 -9999 -9999 -9999 -9999 -9999 -9999 -9999 -9999 -9999 -9999 -9999 -9999 -9999 -9999 -9999 -9999 -9999 -9999 -9999 -9999 -9999 -9999 -9999 -9999 -9999
188 195 191 190 190 189 188 189 189 188 177 168 164 169 174 164 175 179 174 167 168 170 183 186 181 184 186 168 169 170 173 173 171 166 162 159 161 163 161 161 153 152 151 152 151 150 151 153 151 149 149 146 146 176 195 191 198 -9999 -9999 -9999 -9999 -9999 -9999 -9999 -9999 -9999 -9999 -9999 -9999 -9999 -9999 -9999 -9999 -9999 -9999 -9999 -9999 -9999 -9999 -9999 -9999 -9999 -9999 -9999 -9999 -9999 -9999
184 188 187 185 187 186 185 185 184 187 184 178 172 168 168 171 169 170 167 158 155 180 179 182 177 179 184 171 167 169 168 168 168 163 159 156 157 159 157 150 143 141 148 155 154 146 144 142 139 130 146 167 185 197 -9999 -9999 -9999 -9999 -9999 -9999 -9999 -9999 -9999 -9999 -9999 -9999 -9999 -9999 -9999 -9999 -9999 -9999 -9999 -9999 -9999 -9999 -9999 -9999 -9999 -9999 -9999 -9999 -9999 -9999 -9999 -9999 -9999
178 185 183 184 183 182 182 183 181 167 182 182 177 172 173 173 156 156 158 146 147 164 163 176 176 176 182 170 167 167 164 164 164 160 156 153 152 152 146 136 135 138 141 148 145 143 138 164 175 170 173 187 168 193 -9999 -9999 -9999 -9999 -9999 -9999 -9999 -9999 -9999 -9999 -9999 -9999 -9999 -9999 -9999 -9999 -9999 -9999 -9999 -9999 -9999 -9999 -9999 -9999 -9999 -9999 -9999 -9999 -9999 -9999 -9999 -9999 -9999
175 173 173 171 172 183 183 180 179 166 181 180 182 179 175 167 144 144 154 153 153 157 155 156 159 160 166 165 165 161 162 160 159 155 154 151 147 142 136 138 144 146 144 143 148 184 183 190 -9999 -9999 200 162 179 -9999 -9999 -9999 -9999 -9999 -9999 -9999 -9999 -9999 -9999 -9999 -9999 -9999 -9999 -9999 -9999 -9999 -9999 -9999 -9999 -9999 -9999 -9999 -9999 -9999 -9999 -9999 -9999 -9999 -9999 -9999 -9999 -9999 -9999
175 172 172 171 172 170 181 180 176 174 164 176 180 175 174 170 167 148 146 152 150 148 150 152 153 151 156 158 155 151 151 148 148 147 146 143 145 161 162 158 164 158 170 188 181 191 188 -9999 -9999 192 -9999 -9999 -9999 -9999 -9999 -9999 -9999 -9999 -9999 -9999 -9999 -9999 -9999 -9999 -9999 -9999 -9999 -9999 -9999 -9999 -9999 -9999 -9999 -9999 -9999 -9999 -9999 -9999 -9999 -9999 -9999 -9999 -9999 -9999 -9999 -9999 -9999
182 171 170 170 171 179 177 174 172 170 163 178 175 169 195 169 167 153 147 147 145 143 141 144 142 137 136 137 138 138 140 139 139 138 143 167 181 182 182 178 178 180 195 198 -9999 -9999 -9999 -9999 -9999 -9999 -9999 -9999 -9999 -9999 -9999 -9999 -9999 -9999 -9999 -9999 -9999 -9999 -9999 -9999 -9999 -9999 -9999 -9999 -9999 -9999 -9999 -9999 -9999 -9999 -9999 -9999 -9999 -9999 -9999 -9999 -9999 -9999 -9999 -9999 -9999 -9999 -9999
177 176 176 175 177 179 175 174 170 165 169 173 194 186 188 169 182 188 147 145 147 146 143 136 132 134 135 136 140 143 135 134 152 153 168 183 186 184 181 177 169 176 193 -9999 -9999 -9999 -9999 -9999 -9999 -9999 -9999 -9999 -9999 -9999 -9999 -9999 -9999 -9999 -9999 -9999 -9999 -9999 -9999 -9999 -9999 -9999 -9999 -9999 -9999 -9999 -9999 -9999 -9999 -9999 -9999 -9999 -9999 -9999 -9999 -9999 -9999 -9999 -9999 -9999 -9999 -9999 -9999
172 170 170 168 170 201 173 170 169 166 161 164 184 179 183 189 182 180 142 144 142 147 137 136 136 136 135 142 152 157 155 154 180 172 183 185 184 183 183 184 180 -9999 -9999 -9999 -9999 -9999 -9999 -9999 -9999 -9999 -9999 -9999 -9999 -9999 -9999 -9999 -9999 -9999 -9999 -9999 -9999 -9999 -9999 -9999 -9999 -9999 -9999 -9999 -9999 -9999 -9999 -9999 -9999 -9999 -9999 -9999 -9999 -9999 -9999 -9999 -9999 -9999 -9999 -9999 -9999 -9999 -9999
169 167 162 162 162 166 170 170 169 168 163 155 172 174 179 183 186 146 140 143 144 146 139 138 140 138 143 155 164 154 164 159 163 157 166 181 181 182 182 182 -9999 -9999 -9999 -9999 -9999 -9999 -9999 -9999 -9999 -9999 -9999 -9999 -9999 -9999 -9999 -9999 -9999 -9999 -9999 -9999 -9999 -9999 -9999 -9999 -9999 -9999 -9999 -9999 -9999 -9999 -9999 -9999 -9999 -9999 -9999 -9999 -9999 -9999 -9999 -9999 -9999 -9999 -9999 -9999 -9999 -9999 -9999
166 162 158 155 155 156 161 163 163 158 181 177 172 170 173 176 147 149 145 141 142 146 147 139 140 143 154 161 153 142 142 141 157 147 146 175 184 184 -9999 -9999 -9999 -9999 -9999 -9999 -9999 -9999 -9999 -9999 -9999 -9999 -9999 -9999 -9999 -9999 -9999 -9999 -9999 -9999 -9999 -9999 -9999 -9999 -9999 -9999 -9999 -9999 -9999 -9999 -9999 -9999 -9999 -9999 -9999 -9999 -9999 -9999 -9999 -9999 -9999 -9999 -9999 -9999 -9999 -9999 -9999 -9999 -9999
