layers/bio9_SA.asc
ncols        300
nrows        420
xllcorner    -83.000000000000
yllcorner    -57.000000000000
cellsize     0.166666666667
NODATA_value  -9999
[rows 38 to 75 of 420, columns 0 to 86 of 300]
-9999 -9999 -9999 -9999 -9999 -9999 -9999 -9999 -9999 -9999 -9999 -9999 -9999 -9999 -9999 -9999 -9999 -9999 -9999 -9999 -9999 -9999 -9999 -9999 -9999 -9999 -9999 -9999 -9999 -9999 -9999 -9999 267 260 260 268 274 275 256 252 185 147 205 209 149 161 201 213 222 232 257 277 280 280 279 273 240 158 224 191 195 195 127 52 64 92 196 254 261 264 266 268 270 272 273 273 274 275 275 275 276 283 283 284 285 287 288
-9999 -9999 -9999 -9999 -9999 -9999 -9999 -9999 -9999 -9999 -9999 -9999 -9999 -9999 -9999 -9999 -9999 -9999 -9999 -9999 -9999 -9999 -9999 -9999 -9999 -9999 -9999 -9999 -9999 -9999 -9999 -9999 -9999 261 250 262 269 273 257 250 206 139 206 229 164 184 183 202 227 242 263 278 278 278 275 252 230 176 207 189 156 160 158 80 34 124 222 258 264 266 267 269 271 272 273 274 275 275 276 276 276 283 284 285 286 287 289
-9999 -9999 -9999 -9999 -9999 -9999 -9999 -9999 -9999 -9999 -9999 -9999 -9999 -9999 -9999 -9999 -9999 -9999 -9999 -9999 -9999 -9999 -9999 -9999 -9999 -9999 -9999 -9999 -9999 -9999 -9999 -9999 -9999 257 239 257 265 272 265 249 185 174 216 200 186 165 174 196 231 254 274 278 275 276 259 234 202 203 190 187 108 117 144 72 127 209 251 262 267 268 269 271 271 272 274 275 275 276 276 277 277 278 278 280 281 282 289
-9999 -9999 -9999 -9999 -9999 -9999 -9999 -9999 -9999 -9999 -9999 -9999 -9999 -9999 -9999 -9999 -9999 -9999 -9999 -9999 -9999 -9999 -9999 -9999 -9999 -9999 -9999 -9999 -9999 -9999 -9999 -9999 -9999 262 242 252 263 269 270 254 204 158 211 210 166 164 167 207 237 265 278 277 271 261 224 165 193 195 174 143 85 113 111 109 193 236 254 267 269 270 271 271 272 273 274 275 276 277 277 278 278 279 280 280 282 284 285
-9999 -9999 -9999 -9999 -9999 -9999 -9999 -9999 -9999 -9999 -9999 -9999 -9999 -9999 -9999 -9999 -9999 -9999 -9999 -9999 -9999 -9999 -9999 -9999 -9999 -9999 -9999 -9999 -9999 -9999 -9999 -9999 -9999 264 255 254 259 267 267 254 195 173 225 226 200 160 169 229 247 271 278 275 254 245 155 172 186 166 139 93 122 105 90 157 210 243 263 270 271 271 272 272 273 274 275 276 277 277 278 278 279 279 280 282 283 285 285
-9999 -9999 -9999 -9999 -9999 -9999 -9999 -9999 -9999 -9999 -9999 -9999 -9999 -9999 -9999 -9999 -9999 -9999 -9999 -9999 -9999 -9999 -9999 -9999 -9999 -9999 -9999 -9999 -9999 -9999 -9999 -9999 -9999 -9999 258 255 258 265 266 258 229 161 209 194 236 177 151 209 248 274 276 266 242 234 184 136 146 118 123 134 134 92 150 185 232 260 270 272 272 273 273 273 274 275 276 277 277 278 278 278 279 281 283 284 285 286 288
-9999 -9999 -9999 -9999 -9999 -9999 -9999 -9999 -9999 -9999 -9999 -9999 -9999 -9999 -9999 -9999 -9999 -9999 -9999 -9999 -9999 -9999 -9999 -9999 -9999 -9999 -9999 -9999 -9999 -9999 -9999 -9999 260 256 244 254 260 265 266 264 241 178 161 149 213 167 159 222 250 275 271 238 223 233 153 134 150 118 127 114 105 102 191 221 259 271 274 274 274 273 274 274 275 275 276 277 278 278 278 279 281 282 283 284 287 287 289
-9999 -9999 -9999 -9999 -9999 -9999 -9999 -9999 -9999 -9999 -9999 -9999 -9999 -9999 -9999 -9999 -9999 -9999 -9999 -9999 -9999 -9999 -9999 -9999 -9999 -9999 -9999 -9999 -9999 -9999 -9999 -9999 257 259 239 255 262 265 267 263 255 228 180 168 212 146 121 186 250 272 258 219 219 205 131 138 110 139 130 112 104 145 203 254 273 275 275 275 274 274 275 275 276 276 276 277 277 278 279 279 281 282 284 286 287 289 289
-9999 -9999 -9999 -9999 -9999 -9999 -9999 -9999 -9999 -9999 -9999 -9999 -9999 -9999 -9999 -9999 -9999 -9999 -9999 -9999 -9999 -9999 -9999 -9999 -9999 -9999 -9999 -9999 -9999 -9999 -9999 -9999 -9999 261 252 258 263 263 265 253 225 184 181 208 212 127 119 192 249 272 245 228 207 136 105 129 120 154 150 179 187 222 251 272 276 276 276 275 275 275 274 275 276 275 276 276 277 278 279 281 281 283 285 286 287 288 289
-9999 -9999 -9999 -9999 -9999 -9999 -9999 -9999 -9999 -9999 -9999 -9999 -9999 -9999 -9999 -9999 -9999 -9999 -9999 -9999 -9999 -9999 -9999 -9999 -9999 -9999 -9999 -9999 -9999 -9999 -9999 -9999 -9999 261 258 260 263 264 264 249 209 132 207 221 207 125 126 189 253 270 223 230 182 116 131 128 147 177 167 210 201 250 269 275 276 276 276 276 275 275 275 275 276 276 276 276 277 277 278 280 281 283 283 285 286 287 288
-9999 -9999 -9999 -9999 -9999 -9999 -9999 -9999 -9999 -9999 -9999 -9999 -9999 -9999 -9999 -9999 -9999 -9999 -9999 -9999 -9999 -9999 -9999 -9999 -9999 -9999 -9999 -9999 -9999 -9999 -9999 -9999 -9999 260 258 258 262 264 254 238 221 185 227 211 177 88 75 182 255 269 212 183 139 129 132 114 147 172 209 237 240 265 274 276 276 276 276 276 275 275 275 275 275 275 275 276 277 278 279 280 281 282 283 284 286 287 287
-9999 -9999 -9999 -9999 -9999 -9999 -9999 -9999 -9999 -9999 -9999 -9999 -9999 -9999 -9999 -9999 -9999 -9999 -9999 -9999 -9999 -9999 -9999 -9999 -9999 -9999 -9999 -9999 -9999 -9999 -9999 -9999 -9999 260 259 259 262 265 244 223 186 203 235 211 156 48 76 173 262 256 211 171 133 132 113 112 161 186 245 257 265 273 275 276 277 277 276 276 275 274 274 274 274 275 276 276 277 277 279 279 279 281 282 284 284 284 285
-9999 -9999 -9999 -9999 -9999 -9999 -9999 -9999 -9999 -9999 -9999 -9999 -9999 -9999 -9999 -9999 -9999 -9999 -9999 -9999 -9999 -9999 -9999 -9999 -9999 -9999 -9999 -9999 -9999 -9999 -9999 -9999 -9999 260 259 259 262 264 259 220 200 223 228 209 158 104 106 192 267 265 248 205 131 117 132 97 141 203 251 266 273 276 277 277 277 277 277 276 274 273 272 272 272 274 274 275 276 275 277 278 279 280 280 281 283 284 283
-9999 -9999 -9999 -9999 -9999 -9999 -9999 -9999 -9999 -9999 -9999 -9999 -9999 -9999 -9999 -9999 -9999 -9999 -9999 -9999 -9999 -9999 -9999 -9999 -9999 -9999 -9999 -9999 -9999 -9999 -9999 -9999 -9999 260 258 259 262 264 251 215 195 235 229 214 122 149 194 248 264 269 254 192 105 112 166 133 167 247 262 274 276 277 278 278 277 277 276 275 273 273 273 273 273 274 274 274 276 277 277 278 278 280 280 281 282 280 281
-9999 -9999 -9999 -9999 -9999 -9999 -9999 -9999 -9999 -9999 -9999 -9999 -9999 -9999 -9999 -9999 -9999 -9999 -9999 -9999 -9999 -9999 -9999 -9999 -9999 -9999 -9999 -9999 -9999 -9999 -9999 -9999 259 259 259 260 262 261 234 172 220 234 202 173 92 144 218 261 276 275 248 192 90 99 164 176 243 264 272 275 277 277 277 276 277 277 275 274 273 273 273 273 273 274 275 276 276 275 275 276 276 277 277 278 278 279 280
-9999 -9999 -9999 -9999 -9999 -9999 -9999 -9999 -9999 -9999 -9999 -9999 -9999 -9999 -9999 -9999 -9999 -9999 -9999 -9999 -9999 -9999 -9999 -9999 -9999 -9999 -9999 -9999 -9999 -9999 -9999 -9999 259 259 259 261 263 257 175 182 237 208 156 95 122 183 251 278 280 264 214 140 66 88 143 238 263 269 273 276 276 274 276 277 278 276 275 275 275 274 274 274 274 274 274 275 273 274 274 275 275 275 276 277 278 278 278
-9999 -9999 -9999 -9999 -9999 -9999 -9999 -9999 259 -9999 -9999 -9999 -9999 -9999 -9999 -9999 -9999 -9999 -9999 -9999 -9999 -9999 -9999 -9999 -9999 -9999 -9999 -9999 -9999 -9999 -9999 -9999 -9999 260 260 262 262 239 181 209 222 160 102 107 147 192 278 284 279 252 182 110 71 100 197 254 264 269 272 275 275 276 277 277 278 277 277 276 275 274 275 274 273 273 274 273 274 274 274 275 275 276 276 277 277 278 278
-9999 -9999 -9999 -9999 -9999 -9999 -9999 -9999 -9999 -9999 -9999 -9999 -9999 -9999 -9999 -9999 -9999 -9999 -9999 -9999 -9999 -9999 -9999 -9999 -9999 -9999 -9999 -9999 -9999 -9999 -9999 -9999 -9999 -9999 264 264 253 221 207 222 215 117 76 103 214 259 278 285 275 221 140 73 96 134 210 257 265 269 272 273 274 276 278 279 279 277 277 276 276 276 274 274 273 273 273 274 273 274 274 274 276 276 276 276 276 277 276
-9999 -9999 -9999 -9999 -9999 -9999 -9999 -9999 -9999 -9999 -9999 -9999 -9999 -9999 -9999 -9999 -9999 -9999 -9999 -9999 -9999 -9999 -9999 -9999 -9999 -9999 -9999 -9999 -9999 -9999 -9999 -9999 -9999 265 265 262 243 211 203 238 230 137 89 156 229 257 239 279 233 190 116 128 118 190 243 262 264 268 271 273 275 277 279 280 279 278 278 277 277 275 274 274 274 274 274 274 274 274 275 275 274 274 274 274 274 274 274
-9999 -9999 -9999 -9999 -9999 -9999 -9999 -9999 -9999 -9999 -9999 -9999 -9999 -9999 -9999 -9999 -9999 -9999 -9999 -9999 -9999 -9999 -9999 -9999 -9999 -9999 -9999 -9999 -9999 -9999 -9999 -9999 -9999 265 264 257 215 162 210 241 231 104 108 191 235 239 250 262 211 197 154 173 189 235 255 264 267 268 272 274 276 278 280 281 280 278 277 277 276 274 273 273 274 274 274 273 273 274 274 272 271 272 271 272 272 272 273
-9999 -9999 -9999 -9999 -9999 -9999 -9999 -9999 -9999 -9999 -9999 -9999 -9999 -9999 -9999 -9999 -9999 -9999 -9999 -9999 -9999 -9999 -9999 -9999 -9999 -9999 -9999 -9999 -9999 -9999 -9999 -9999 264 265 264 252 206 152 224 240 230 98 124 174 211 229 276 267 219 170 201 226 241 234 253 266 269 271 273 276 279 280 281 281 280 280 279 279 277 275 275 274 273 272 272 273 274 273 271 271 270 270 270 271 271 271 272
-9999 -9999 -9999 -9999 -9999 -9999 -9999 -9999 -9999 -9999 -9999 -9999 -9999 -9999 -9999 -9999 -9999 -9999 -9999 -9999 -9999 -9999 -9999 -9999 -9999 -9999 -9999 -9999 259 -9999 -9999 264 264 265 265 239 224 197 234 234 194 75 101 155 172 241 274 245 170 164 216 253 255 241 238 271 272 273 276 277 279 280 282 283 282 282 281 280 279 277 277 275 273 272 271 271 273 270 270 270 270 270 270 270 270 270 271
-9999 -9999 -9999 -9999 -9999 -9999 -9999 -9999 -9999 -9999 -9999 -9999 -9999 -9999 -9999 -9999 -9999 -9999 -9999 -9999 -9999 -9999 -9999 -9999 -9999 -9999 -9999 -9999 258 -9999 -9999 263 264 265 265 255 185 193 211 188 140 78 95 118 189 256 265 203 138 139 210 258 260 254 236 272 273 275 277 281 282 283 285 285 285 284 283 282 280 278 277 275 275 274 270 270 272 269 269 269 269 269 269 270 270 269 270
-9999 -9999 -9999 -9999 -9999 -9999 -9999 -9999 -9999 -9999 -9999 -9999 -9999 -9999 -9999 -9999 -9999 -9999 -9999 -9999 -9999 -9999 -9999 -9999 -9999 -9999 -9999 -9999 259 259 263 265 264 265 253 243 177 191 190 150 97 139 132 152 212 252 225 149 174 183 207 258 262 264 254 268 273 276 278 281 290 293 294 295 293 291 283 281 280 278 277 276 276 275 271 272 269 269 269 268 268 268 269 268 268 268 268
-9999 -9999 -9999 -9999 -9999 -9999 -9999 -9999 -9999 -9999 -9999 -9999 -9999 -9999 -9999 -9999 -9999 -9999 -9999 -9999 -9999 -9999 -9999 -9999 -9999 -9999 254 254 258 259 263 264 261 249 225 227 173 187 178 134 86 149 186 206 237 242 182 143 187 228 230 259 263 266 260 264 272 275 278 281 291 294 297 295 292 290 287 280 279 278 276 273 272 272 270 269 268 268 268 267 268 265 265 265 266 267 267
-9999 -9999 -9999 -9999 -9999 -9999 -9999 -9999 -9999 -9999 -9999 -9999 -9999 -9999 -9999 -9999 -9999 -9999 -9999 -9999 -9999 -9999 -9999 -9999 -9999 -9999 254 254 256 256 260 261 251 175 197 184 190 187 165 110 90 144 198 215 231 174 148 181 234 249 256 260 262 265 259 264 273 276 279 282 289 291 294 294 293 291 288 286 280 278 277 275 272 270 271 270 269 268 267 267 265 265 265 264 265 266 266
-9999 -9999 -9999 -9999 -9999 -9999 -9999 -9999 -9999 -9999 -9999 -9999 -9999 -9999 -9999 -9999 -9999 -9999 -9999 -9999 -9999 -9999 -9999 -9999 -9999 254 253 254 256 257 259 260 233 155 162 197 235 194 119 80 117 165 181 223 215 132 179 211 238 255 259 261 263 265 266 268 272 275 277 279 284 290 294 293 291 290 288 286 279 278 276 275 273 272 271 270 268 268 267 264 264 264 264 263 262 264 265
-9999 -9999 -9999 -9999 -9999 -9999 -9999 -9999 -9999 -9999 -9999 -9999 -9999 -9999 -9999 -9999 -9999 -9999 -9999 -9999 -9999 -9999 -9999 -9999 -9999 254 253 254 256 257 258 255 237 200 175 246 214 150 89 108 150 166 201 220 176 159 215 219 252 259 257 258 261 264 266 268 270 273 275 275 276 287 289 290 290 288 286 284 278 275 269 268 272 271 269 268 268 266 264 263 263 263 262 262 262 263 264
-9999 -9999 -9999 -9999 -9999 -9999 -9999 -9999 -9999 -9999 -9999 -9999 -9999 -9999 -9999 -9999 -9999 -9999 -9999 -9999 -9999 -9999 -9999 -9999 -9999 253 253 254 256 257 256 245 244 211 233 245 195 114 93 149 181 202 197 200 185 195 223 262 262 261 258 259 260 262 264 266 268 270 272 274 278 280 281 286 286 286 284 276 275 272 269 272 272 270 269 267 264 263 262 262 262 262 262 262 262 263 263
-9999 -9999 -9999 -9999 -9999 -9999 -9999 -9999 -9999 -9999 -9999 -9999 -9999 -9999 -9999 -9999 -9999 -9999 -9999 -9999 -9999 -9999 -9999 253 253 253 254 253 255 255 250 241 229 209 238 212 148 116 134 130 161 190 194 190 233 220 252 264 263 263 261 261 261 263 265 267 269 271 273 274 276 278 278 279 278 278 276 275 272 271 267 270 270 268 267 264 263 263 262 261 261 261 261 261 261 262 262
-9999 -9999 -9999 -9999 -9999 -9999 -9999 -9999 -9999 -9999 -9999 -9999 -9999 -9999 -9999 -9999 -9999 -9999 -9999 -9999 -9999 -9999 -9999 253 252 252 251 249 250 249 247 221 163 226 204 165 111 120 176 162 156 170 227 242 261 244 261 263 263 263 262 263 264 264 265 266 269 270 271 274 273 276 277 277 277 276 275 273 272 270 269 268 268 267 265 264 262 260 260 259 259 260 260 261 261 262 262
-9999 -9999 -9999 -9999 -9999 -9999 -9999 -9999 -9999 -9999 -9999 -9999 -9999 -9999 -9999 -9999 -9999 -9999 -9999 -9999 -9999 -9999 -9999 -9999 255 253 251 244 236 229 223 207 173 186 185 165 107 158 215 202 181 194 249 261 264 263 263 262 263 263 262 263 265 266 266 267 269 270 270 272 261 272 275 275 276 275 274 272 272 270 268 264 266 265 264 263 261 260 259 258 258 259 259 260 260 261 263
-9999 -9999 -9999 -9999 -9999 -9999 -9999 -9999 -9999 -9999 -9999 -9999 -9999 -9999 -9999 -9999 -9999 -9999 -9999 -9999 -9999 -9999 -9999 256 256 254 248 243 226 200 184 151 155 143 122 112 123 165 221 205 225 247 260 261 262 262 262 261 263 264 263 264 265 265 266 267 269 271 271 272 269 271 273 274 273 273 273 272 271 268 268 266 265 265 263 262 261 259 257 257 258 259 259 259 260 261 261
-9999 -9999 -9999 -9999 -9999 -9999 -9999 -9999 -9999 -9999 -9999 -9999 -9999 -9999 -9999 -9999 -9999 -9999 -9999 -9999 252 250 253 255 256 255 243 232 212 188 150 98 113 137 105 119 149 184 235 237 257 260 261 260 261 262 263 262 261 264 263 264 266 265 266 268 269 270 271 271 272 264 272 273 272 272 272 271 270 269 267 266 262 264 262 261 258 258 257 258 258 257 258 258 259 260 261
-9999 -9999 -9999 -9999 -9999 -9999 -9999 -9999 -9999 -9999 -9999 -9999 -9999 -9999 -9999 -9999 -9999 -9999 247 245 244 247 249 254 254 247 226 207 186 162 82 97 108 108 108 129 185 227 251 254 257 259 260 261 261 261 262 261 261 263 264 263 265 266 266 268 268 269 270 270 270 264 271 273 272 272 272 269 268 268 267 265 263 262 261 259 258 257 257 257 256 256 258 258 258 259 260
-9999 -9999 -9999 -9999 -9999 -9999 -9999 -9999 -9999 -9999 -9999 -9999 -9999 -9999 -9999 -9999 -9999 241 243 239 242 244 246 249 251 232 200 198 189 124 67 96 102 115 157 205 237 250 252 253 255 257 258 260 261 261 262 261 261 263 265 264 265 266 267 268 269 268 268 269 266 269 270 272 272 272 271 270 268 267 265 264 262 256 260 259 259 257 256 256 257 257 257 258 258 259 260
-9999 -9999 -9999 -9999 -9999 -9999 -9999 -9999 -9999 -9999 -9999 -9999 -9999 -9999 -9999 -9999 -9999 245 244 236 241 242 239 240 225 210 186 126 135 152 107 101 107 121 198 234 243 251 252 252 254 256 257 259 260 261 262 262 262 264 264 266 266 266 266 268 268 269 264 264 266 267 270 272 272 270 271 270 269 267 265 264 262 256 259 258 258 258 257 257 257 257 257 257 258 259 260
-9999 -9999 -9999 -9999 -9999 -9999 -9999 -9999 -9999 -9999 -9999 -9999 -9999 -9999 -9999 -9999 -9999 245 243 231 239 244 242 235 194 166 151 109 125 165 143 108 155 177 234 245 248 250 251 253 254 256 257 258 260 262 263 264 264 264 264 265 266 266 266 267 268 268 266 266 268 264 271 272 272 270 270 269 268 267 265 264 262 260 260 258 258 257 257 257 256 256 257 258 259 260 260
