layers/bio9_SA.asc
ncols        300
nrows        420
xllcorner    -83.000000000000
yllcorner    -57.000000000000
cellsize     0.166666666667
NODATA_value  -9999
[rows 266 to 303 of 420, columns 87 to 173 of 300]
123 96 64 43 102 107 106 116 123 123 117 116 116 122 128 131 132 131 114 96 92 63 63 97 106 113 114 114 115 115 114 115 114 114 114 114 114 113 114 116 118 121 124 126 128 130 130 130 130 130 129 128 127 126 126 126 126 126 126 127 128 129 129 128 128 128 127 127 127 127 126 124 123 120 122 124 126 127 128 129 223 222 222 222 222 206 206
122 92 71 81 105 108 111 115 121 123 118 120 118 118 128 130 130 129 125 95 93 57 53 91 107 111 113 114 114 113 113 113 113 112 113 112 112 112 113 114 117 120 122 125 126 128 128 128 128 127 126 125 125 125 124 123 123 123 124 125 126 127 127 127 127 127 127 125 124 123 124 122 120 121 122 122 125 126 126 222 221 222 222 222 221 220 219
96 98 95 96 104 108 111 112 112 122 119 121 118 116 126 128 127 127 125 113 97 70 54 93 108 111 111 112 112 112 111 111 111 110 111 111 111 111 112 113 115 118 121 122 124 125 126 126 126 125 125 123 123 123 122 121 120 121 122 123 125 126 127 126 125 125 124 125 123 121 120 121 118 118 121 122 227 227 225 223 222 220 220 221 220 219 219
98 99 101 101 104 108 106 109 108 114 119 120 116 118 123 124 125 124 122 118 104 55 75 94 101 106 108 109 110 110 109 109 109 109 109 109 109 111 111 113 115 117 119 120 122 124 125 123 121 123 122 121 122 121 121 119 120 119 120 122 123 125 126 125 124 124 124 123 122 121 120 119 118 117 119 226 227 227 226 225 222 222 221 221 219 217 217
100 97 98 103 105 108 105 105 102 110 117 117 115 116 118 119 120 120 118 115 105 51 85 99 100 104 105 106 108 108 108 108 108 107 107 107 108 110 110 111 113 116 118 118 120 122 123 122 121 120 121 121 121 121 120 119 119 119 120 122 129 131 132 125 125 124 125 124 124 122 121 120 119 119 120 237 238 226 226 224 223 222 221 220 218 217 216
96 101 102 103 105 103 109 105 101 105 113 115 111 111 113 114 109 110 107 109 102 54 85 101 102 103 104 105 106 107 107 107 106 106 105 106 107 109 111 111 112 114 115 117 118 120 121 121 120 120 121 122 122 120 119 119 120 119 120 128 129 131 131 130 129 124 124 124 123 122 121 120 119 118 238 239 238 237 225 224 222 221 220 219 216 216 216
96 96 97 98 100 102 104 105 101 102 109 112 107 106 106 90 87 93 99 105 100 58 79 96 98 99 103 106 106 106 106 106 105 105 104 104 106 108 110 110 111 112 113 114 116 118 119 120 121 121 122 121 121 120 119 119 120 119 126 127 128 131 130 129 128 127 121 121 121 119 119 121 120 118 237 238 238 237 224 223 222 221 219 218 217 216 215
96 96 96 97 99 101 103 104 98 96 105 108 104 99 90 70 82 88 95 101 94 63 80 94 98 99 103 106 107 107 106 106 105 104 103 104 105 108 110 111 110 110 111 112 113 114 116 118 121 123 122 121 122 120 120 120 120 119 125 127 127 130 129 129 128 127 121 121 121 120 120 121 120 120 239 239 238 236 223 222 220 218 217 215 214 212 214
94 94 95 95 98 100 102 103 102 97 99 103 99 82 58 65 75 85 92 95 90 66 88 94 99 102 105 106 107 107 106 106 105 105 104 105 106 108 110 110 108 107 108 109 110 111 113 115 118 121 123 121 121 120 120 120 120 119 119 126 126 128 128 127 127 126 121 121 120 120 121 121 121 121 239 238 237 235 221 220 217 215 211 208 209 213 214
92 92 93 94 96 98 101 102 103 95 94 99 97 71 59 70 76 86 88 88 82 79 95 98 101 104 107 108 108 107 107 106 106 105 105 105 106 107 108 108 107 106 106 107 108 108 109 112 116 118 120 121 121 120 120 120 119 117 118 119 118 126 127 126 120 121 121 120 120 121 120 120 120 120 200 236 236 222 220 218 214 212 211 211 212 212 215
89 90 91 92 94 96 98 100 101 96 95 100 97 68 72 80 82 86 78 81 79 85 96 100 104 106 106 107 108 107 106 106 105 105 105 105 105 106 106 106 106 106 106 105 107 107 108 110 113 116 117 119 119 120 119 125 118 116 116 116 117 118 119 120 119 120 120 120 120 120 119 118 118 198 198 196 220 219 216 215 213 214 217 214 216 213 215
87 88 90 91 93 95 97 99 98 93 97 102 97 83 81 87 86 86 78 83 86 90 95 101 105 107 106 107 107 106 106 106 105 104 104 104 104 104 104 104 104 104 104 104 105 105 107 108 111 114 115 117 118 118 128 127 117 116 114 113 114 115 118 118 118 118 118 118 118 119 119 118 144 197 196 195 220 219 217 214 210 213 216 216 216 215 214
79 86 89 90 92 94 96 97 97 93 99 102 97 88 83 88 89 88 86 89 90 94 98 102 104 106 105 106 106 106 106 105 105 104 103 102 102 103 102 103 102 102 103 103 104 104 106 107 109 111 113 115 116 126 126 125 125 114 113 112 112 113 115 116 116 116 117 117 116 117 117 144 144 197 195 220 219 218 215 212 210 213 212 213 214 214 212
72 81 87 89 91 93 94 96 98 97 101 102 97 89 86 88 90 90 92 92 94 96 99 102 104 106 104 105 106 105 105 104 104 102 102 101 101 101 101 101 101 101 102 102 103 103 105 106 108 109 111 112 114 124 124 124 123 112 112 111 112 121 123 123 115 114 115 115 115 115 115 116 194 194 194 218 218 216 212 212 211 211 211 212 212 211 210
74 79 84 88 90 92 93 95 97 97 99 99 96 88 87 88 90 91 93 94 96 98 100 101 103 104 104 104 105 105 104 104 102 101 101 100 100 100 100 99 99 100 101 101 102 102 104 105 106 107 109 110 111 122 122 122 111 111 110 111 119 120 121 123 123 114 114 114 113 113 120 120 121 218 217 216 215 214 212 213 213 213 213 211 210 208 208
75 83 83 86 90 92 93 94 96 97 98 96 91 88 87 88 89 91 92 94 96 98 100 101 102 103 103 103 103 104 103 102 100 100 99 98 98 98 98 98 98 99 99 100 101 102 103 103 105 106 107 108 110 120 120 119 109 108 108 110 111 121 122 122 122 121 120 112 112 120 121 119 119 121 218 217 215 213 210 209 211 209 208 207 207 206 204
72 82 83 86 89 91 93 94 95 96 96 91 86 88 88 89 89 91 92 94 96 97 98 99 100 101 101 101 102 102 101 100 99 98 97 97 97 97 97 97 98 98 98 99 100 101 102 103 104 105 107 108 108 118 118 118 107 106 106 108 111 122 123 122 116 122 114 121 119 119 120 119 119 121 216 215 215 214 213 208 206 206 207 205 203 201 200
75 82 87 86 89 91 92 93 94 95 95 89 86 88 89 89 90 91 92 94 95 96 97 97 98 99 99 99 100 99 99 98 97 97 96 95 95 95 95 96 96 97 98 98 99 100 101 102 103 104 105 106 107 117 118 116 105 104 103 106 110 123 125 118 117 115 115 115 121 119 120 120 120 120 121 215 214 214 214 210 205 203 202 197 197 197 198
76 83 87 86 89 90 91 92 93 94 94 86 81 88 89 89 90 91 92 93 94 95 96 96 97 97 97 97 97 97 96 96 95 95 94 94 94 94 94 94 95 96 96 98 99 99 100 101 102 103 104 105 116 117 117 116 115 113 113 106 109 -9999 -9999 118 118 117 116 115 121 120 119 119 120 120 120 212 212 212 211 206 201 198 195 194 197 197 198
78 84 88 86 88 90 91 91 92 93 92 86 83 87 89 89 90 90 91 92 93 94 94 95 95 96 96 95 95 95 94 94 93 92 92 92 92 92 93 93 94 94 95 96 98 98 99 100 101 102 103 104 116 116 117 116 115 113 113 116 111 111 -9999 -9999 -9999 -9999 -9999 -9999 113 119 118 118 118 118 118 210 210 210 209 202 201 202 199 197 197 197 196
78 85 88 86 88 89 90 91 91 92 92 91 89 87 88 89 89 90 91 91 92 93 93 93 93 94 94 94 93 93 93 92 91 90 90 91 91 91 91 91 92 93 94 95 96 97 98 99 100 101 102 103 115 116 116 115 114 113 114 115 108 109 110 110 -9999 -9999 -9999 -9999 -9999 118 118 117 117 116 207 208 209 208 207 203 203 201 198 197 196 196 175
68 83 87 86 89 90 90 90 90 91 91 91 89 88 88 89 89 89 90 90 91 91 91 92 92 92 92 92 92 91 91 90 89 89 89 89 89 89 89 90 90 92 93 95 95 96 97 98 99 100 101 102 103 114 114 114 113 112 113 113 104 106 106 106 107 107 -9999 -9999 -9999 -9999 -9999 -9999 116 206 206 120 -9999 -9999 -9999 203 201 175 175 176 -9999 -9999 -9999
59 81 84 87 89 90 89 89 89 89 90 90 89 88 88 88 88 89 88 89 90 90 90 90 90 91 91 90 90 90 89 89 88 88 88 89 88 88 88 88 89 91 92 94 95 96 97 98 99 99 100 101 101 112 112 112 112 111 111 101 102 103 103 103 104 105 105 -9999 -9999 -9999 -9999 -9999 -9999 -9999 -9999 -9999 -9999 -9999 -9999 -9999 -9999 -9999 -9999 -9999 -9999 -9999 -9999
58 75 80 85 88 89 88 88 88 88 88 88 88 87 87 87 87 88 88 88 88 88 88 89 89 90 89 89 89 89 89 88 88 88 88 89 88 88 87 87 88 89 91 93 94 95 96 97 97 98 98 99 100 100 110 110 110 110 110 100 100 101 101 101 102 102 103 103 -9999 -9999 -9999 -9999 -9999 -9999 -9999 -9999 -9999 -9999 -9999 -9999 -9999 -9999 -9999 -9999 -9999 -9999 -9999
49 68 74 81 85 87 88 87 87 87 87 87 87 86 86 86 86 87 87 87 86 87 87 88 89 88 88 88 88 88 88 88 88 89 89 89 89 88 86 86 87 89 91 92 93 94 95 96 96 97 97 97 97 98 98 109 109 109 109 99 99 99 99 100 100 100 101 101 109 -9999 -9999 -9999 -9999 -9999 -9999 -9999 -9999 -9999 -9999 -9999 -9999 -9999 -9999 -9999 -9999 -9999 -9999
34 49 67 75 81 85 87 86 86 86 85 86 85 85 85 85 85 86 86 86 85 86 87 87 87 86 87 87 86 87 87 88 88 89 89 89 89 89 88 87 88 89 90 92 92 93 93 94 95 95 95 96 96 96 96 97 97 97 97 97 97 98 98 98 98 98 99 99 108 -9999 -9999 -9999 -9999 -9999 -9999 -9999 -9999 -9999 -9999 -9999 -9999 -9999 -9999 -9999 -9999 -9999 -9999
30 55 63 71 76 81 85 85 84 84 84 85 84 84 84 84 84 85 85 85 85 85 86 86 86 85 86 86 87 87 87 88 89 90 90 90 90 90 90 90 90 90 90 91 91 92 92 93 93 93 94 94 94 95 95 95 95 95 96 96 96 96 96 97 96 96 96 97 -9999 -9999 -9999 -9999 -9999 -9999 -9999 -9999 -9999 -9999 -9999 -9999 -9999 -9999 -9999 -9999 -9999 -9999 -9999
40 59 63 68 73 77 82 83 83 83 83 83 83 83 82 83 83 83 84 84 84 84 85 85 85 85 86 86 86 87 87 88 89 90 91 91 90 90 91 91 91 90 90 90 90 90 91 91 92 92 91 92 93 93 93 93 93 94 94 94 94 95 95 95 95 94 94 -9999 -9999 -9999 -9999 -9999 -9999 -9999 -9999 -9999 -9999 -9999 -9999 -9999 -9999 -9999 -9999 -9999 -9999 -9999 -9999
51 56 63 68 72 75 78 81 82 81 82 82 82 82 82 82 83 83 84 83 84 83 84 84 84 85 85 85 86 86 86 87 88 89 90 90 90 90 90 90 90 89 89 89 89 89 89 89 90 90 90 90 90 90 91 91 92 92 93 93 94 94 94 94 94 92 91 90 -9999 -9999 -9999 -9999 -9999 -9999 -9999 -9999 -9999 -9999 -9999 -9999 -9999 -9999 -9999 -9999 -9999 -9999 -9999
56 57 62 66 70 72 75 81 81 80 80 81 81 81 81 81 81 83 83 83 83 83 83 83 84 85 84 84 85 85 86 86 86 87 88 88 88 88 88 88 88 88 87 87 87 88 87 87 87 87 87 88 88 88 89 90 90 90 91 92 92 92 93 93 92 90 88 87 88 -9999 212 -9999 -9999 -9999 -9999 -9999 -9999 -9999 -9999 -9999 -9999 -9999 -9999 -9999 -9999 -9999 -9999
54 58 62 65 68 71 73 78 80 80 80 80 80 80 80 81 81 81 82 82 82 82 82 83 83 83 83 83 83 84 84 84 85 85 86 86 86 86 86 86 86 86 86 86 86 86 86 85 85 84 84 84 85 86 86 87 88 88 89 90 90 90 91 90 90 88 83 82 86 213 211 -9999 -9999 -9999 -9999 -9999 -9999 -9999 -9999 -9999 -9999 -9999 -9999 -9999 -9999 -9999 -9999
57 60 63 65 68 71 73 76 80 79 80 79 79 79 80 80 80 80 81 82 81 81 82 82 81 82 82 82 82 82 83 83 84 83 84 84 84 84 84 84 85 84 84 85 84 84 83 82 82 82 82 82 83 83 84 85 86 86 87 88 89 89 89 88 88 85 81 81 85 175 173 -9999 -9999 -9999 -9999 -9999 -9999 -9999 -9999 -9999 -9999 -9999 -9999 -9999 -9999 -9999 -9999
71 61 64 66 68 71 74 76 79 79 79 78 78 79 79 79 79 78 77 78 77 79 79 80 81 82 82 81 81 81 81 81 81 82 82 82 82 82 83 83 83 83 83 83 82 81 80 79 79 80 79 79 80 81 82 83 84 85 86 87 87 87 87 87 86 84 83 83 86 173 171 -9999 -9999 -9999 -9999 -9999 -9999 -9999 -9999 -9999 -9999 -9999 -9999 -9999 -9999 -9999 -9999
71 74 64 66 68 71 73 77 79 79 79 78 79 79 79 79 78 77 75 74 75 77 79 80 82 81 81 80 80 80 80 80 80 81 81 81 80 81 81 82 81 81 81 81 80 79 79 78 77 77 76 77 77 78 80 81 82 83 84 84 85 86 86 86 85 84 84 85 87 170 169 -9999 -9999 -9999 -9999 -9999 -9999 -9999 -9999 -9999 -9999 -9999 -9999 -9999 -9999 -9999 -9999
73 76 64 68 69 70 73 76 79 78 78 78 78 78 78 78 77 76 77 75 76 77 78 78 79 79 79 79 78 78 79 79 80 80 80 79 79 78 78 78 79 79 79 79 79 78 77 76 76 74 75 74 73 76 78 79 80 81 82 83 84 85 85 85 85 84 85 86 88 167 167 -9999 -9999 -9999 -9999 -9999 -9999 -9999 -9999 -9999 -9999 -9999 -9999 -9999 -9999 -9999 -9999
73 76 65 67 69 71 73 77 78 78 78 78 78 78 78 78 77 75 74 74 74 75 77 78 79 80 79 79 78 79 79 79 79 78 78 77 76 76 76 76 77 78 78 78 77 76 75 74 74 73 73 72 73 73 75 76 78 80 81 82 83 84 84 85 84 84 85 86 88 165 -9999 -9999 -9999 -9999 -9999 -9999 -9999 -9999 -9999 -9999 -9999 -9999 -9999 -9999 -9999 -9999 -9999
77 77 81 69 70 72 71 75 78 77 76 76 77 77 77 77 77 77 76 75 74 76 76 78 78 77 77 77 78 78 78 77 76 76 75 75 74 74 74 75 75 76 76 76 76 75 74 74 73 72 72 72 72 72 72 73 73 77 80 82 83 83 83 83 84 84 85 86 87 -9999 -9999 -9999 -9999 -9999 -9999 -9999 -9999 -9999 -9999 -9999 -9999 -9999 -9999 -9999 -9999 -9999 -9999
82 83 84 70 71 72 71 72 74 74 74 75 76 83 83 84 83 84 83 75 74 72 75 76 77 77 77 77 77 76 76 76 75 75 73 71 71 71 72 73 74 75 75 75 75 75 74 74 74 73 73 73 73 73 72 71 72 76 79 80 82 83 83 83 83 84 85 86 86 -9999 -9999 -9999 -9999 -9999 -9999 -9999 -9999 -9999 -9999 -9999 -9999 -9999 -9999 -9999 -9999 -9999 -9999
