layers/bio9_SA.asc
ncols        300
nrows        420
xllcorner    -83.000000000000
yllcorner    -57.000000000000
cellsize     0.166666666667
NODATA_value  -9999
[rows 114 to 151 of 420, columns 174 to 260 of 300]
251 250 247 247 246 248 247 247 250 250 248 247 247 250 249 247 247 247 251 253 243 241 241 249 258 258 261 265 265 265 265 263 259 261 262 257 253 249 248 249 249 249 249 248 250 253 255 254 253 254 257 258 258 259 260 264 263 265 266 261 265 264 264 270 266 265 262 256 256 263 262 266 265 256 249 254 246 236 226 235 243 256 256 251 256 264 267
250 248 249 249 246 247 247 247 249 250 247 247 248 250 250 249 246 247 252 254 251 238 246 249 255 257 260 264 264 263 264 262 259 259 260 256 252 247 244 245 246 248 249 249 250 254 253 254 252 255 255 253 255 255 260 260 257 262 260 259 264 260 258 263 267 263 262 262 262 260 263 265 263 259 255 256 246 238 226 235 250 254 259 257 253 258 268
250 247 248 249 246 247 249 248 249 250 249 250 244 246 248 249 250 249 252 251 253 247 246 254 254 255 259 263 262 262 262 263 263 259 260 256 249 247 246 246 246 247 247 244 251 253 250 254 250 250 252 253 254 257 258 254 258 264 259 259 263 256 262 265 263 265 267 264 267 260 261 259 260 254 248 252 250 240 234 233 251 255 257 262 260 258 268
251 247 248 247 247 248 249 248 244 247 249 249 250 249 250 251 250 249 249 250 252 253 254 257 257 256 259 263 261 262 262 263 262 257 260 257 249 248 250 251 250 249 247 245 250 252 248 254 248 249 248 247 249 251 254 257 258 264 260 262 264 265 263 264 269 269 273 268 273 268 258 257 255 249 245 245 251 242 232 227 243 242 243 245 261 265 261
251 250 247 246 247 248 248 245 243 243 239 242 249 250 251 251 249 249 249 247 251 252 253 256 256 257 260 261 261 263 263 263 261 259 260 257 252 251 254 254 253 252 249 248 249 249 250 249 245 245 249 251 253 258 260 261 259 258 263 269 271 280 282 274 277 280 276 269 275 272 266 262 256 248 245 249 252 244 238 236 238 236 238 248 251 250 252
250 250 248 247 245 247 247 243 244 245 244 245 244 246 249 249 250 248 242 240 247 251 252 255 255 258 260 261 261 263 261 262 262 260 261 258 254 254 259 258 257 254 254 254 251 250 248 249 255 255 258 255 254 258 262 260 260 264 268 268 269 271 273 275 275 276 273 269 275 271 270 266 248 240 245 255 262 254 254 251 247 239 240 246 247 237 248
250 250 247 245 246 248 248 246 246 245 243 243 245 247 248 249 246 245 242 241 244 248 252 254 256 258 260 260 262 261 261 262 261 259 261 260 258 261 264 258 259 257 256 255 252 248 250 251 250 257 262 264 264 266 265 267 265 266 268 265 266 270 273 273 272 274 271 270 267 271 266 257 254 247 244 262 259 258 257 252 245 240 237 238 235 234 240
250 249 249 245 243 246 246 245 247 243 240 241 243 246 248 248 248 249 250 248 248 246 252 256 257 259 261 261 263 262 260 262 259 258 263 262 265 268 269 268 264 261 255 252 250 253 255 259 258 261 264 265 264 265 264 265 267 264 263 260 264 269 272 270 270 271 268 267 267 262 260 256 255 251 261 259 259 250 247 245 234 229 224 223 224 218 210
249 248 250 247 246 245 245 246 246 241 234 235 242 246 244 247 249 247 247 246 244 244 252 256 255 259 261 260 262 260 260 262 260 261 262 262 265 268 270 272 269 265 263 260 258 258 260 262 263 263 263 262 263 262 264 265 263 262 260 261 263 269 271 265 265 267 263 264 265 259 257 255 263 260 259 260 247 250 253 234 223 218 216 223 221 224 216
249 249 249 249 246 245 246 246 245 242 235 237 242 243 247 246 249 243 241 243 245 243 253 255 258 259 260 261 261 261 262 262 259 261 263 265 267 269 271 272 270 268 265 264 260 259 259 263 262 261 259 261 262 262 261 264 261 261 258 260 265 267 269 262 261 265 260 262 264 262 258 254 262 258 257 259 252 250 250 233 223 224 221 233 222 239 232
247 247 248 248 246 244 245 246 246 245 241 244 245 238 239 244 247 247 246 245 246 248 252 256 258 260 260 261 262 262 263 262 259 263 265 267 269 270 271 269 269 267 266 265 262 256 258 260 261 257 258 261 258 259 260 263 261 258 256 260 264 270 265 259 259 259 258 261 263 259 258 255 252 262 259 255 250 247 247 235 225 232 231 232 229 228 226
245 247 248 248 248 247 246 246 245 243 244 240 238 237 239 246 249 249 250 251 250 252 255 257 258 260 260 259 261 263 264 263 259 263 265 268 269 268 269 268 268 265 263 263 262 256 260 256 260 256 264 258 258 257 259 259 260 257 257 258 263 269 260 257 259 255 256 261 260 257 256 256 252 257 260 258 250 247 247 240 229 231 233 234 233 230 228
245 247 247 248 247 247 245 247 247 244 244 239 233 237 246 249 249 247 249 250 249 252 255 254 258 258 260 258 262 263 263 261 257 265 266 268 268 267 267 267 267 263 262 259 258 258 258 252 258 255 264 257 253 255 256 259 256 258 253 259 265 268 260 255 256 255 259 260 260 256 255 254 252 249 257 252 250 245 244 232 220 226 231 233 232 232 230
248 248 248 247 247 247 247 248 245 246 242 239 234 239 248 249 249 246 243 246 252 256 257 257 259 260 260 258 262 263 263 260 256 264 266 266 267 267 264 264 265 263 261 256 257 256 259 251 257 260 261 256 251 254 260 258 253 256 253 257 263 268 259 255 253 255 258 257 256 257 255 252 252 247 249 249 246 243 241 227 225 225 226 230 233 234 232
247 248 248 248 245 247 246 248 248 246 240 237 236 239 248 249 248 250 249 251 255 257 258 259 260 260 259 262 262 263 262 258 258 264 265 267 265 267 266 264 263 263 260 252 253 253 256 249 255 262 256 252 252 257 258 262 257 251 255 259 266 265 255 253 252 253 256 251 253 254 255 252 250 250 247 245 239 233 231 229 228 229 229 226 231 245 245
248 248 247 248 247 245 245 247 248 249 248 245 245 242 247 249 245 244 252 254 256 257 258 259 260 260 260 263 263 262 261 260 256 264 265 266 266 265 265 263 262 262 257 251 253 257 253 249 255 261 256 259 253 256 260 255 254 251 257 265 267 260 253 250 249 253 248 245 246 250 249 254 253 250 242 240 237 235 231 231 230 227 228 228 240 243 247
248 247 247 248 247 244 246 249 249 248 249 245 246 244 246 250 249 243 251 253 257 258 258 260 261 261 263 262 263 263 262 257 256 263 265 266 264 264 264 262 260 260 254 253 255 253 251 254 259 257 252 256 254 251 257 254 249 258 264 267 266 255 248 247 246 247 242 241 240 244 251 260 253 248 241 231 232 235 234 232 231 226 225 226 228 231 232
247 248 248 248 248 246 247 249 248 249 250 250 246 245 245 249 249 245 251 250 255 258 259 261 262 263 263 263 263 263 261 259 258 264 265 265 265 264 263 262 261 259 251 253 250 250 253 256 258 253 252 252 248 253 256 248 256 262 269 262 263 255 246 244 243 241 239 243 248 253 261 259 256 249 237 235 241 238 234 233 232 229 227 224 227 224 223
247 248 248 248 247 246 248 248 247 247 247 250 248 247 245 249 250 251 255 256 257 258 260 262 263 263 262 263 264 263 260 257 260 265 266 265 263 262 263 263 262 258 251 251 248 250 251 255 258 251 247 246 250 253 251 249 254 262 266 259 253 256 245 240 241 243 247 249 250 252 253 257 256 248 243 236 242 241 236 230 230 229 228 226 225 220 218
248 248 247 248 248 247 246 248 246 247 250 250 251 250 247 248 250 251 255 255 260 260 261 263 263 264 264 264 265 264 261 257 261 264 263 263 263 263 263 263 262 260 256 249 250 252 252 249 256 253 246 244 249 243 241 245 255 262 260 252 244 249 245 241 247 247 248 249 252 251 248 250 248 248 242 246 244 241 238 232 229 228 226 222 221 217 213
248 247 247 248 247 247 246 248 249 248 250 251 249 250 246 245 248 250 258 259 260 261 263 264 264 264 264 264 264 263 259 257 263 265 262 260 263 262 263 261 260 260 259 252 248 250 251 253 251 250 246 243 239 241 243 248 258 257 251 246 242 242 244 246 243 243 247 250 249 248 251 253 250 246 241 241 245 243 238 234 231 227 224 217 219 215 211
247 247 248 248 247 246 249 250 250 250 251 250 248 250 250 246 248 254 257 259 260 262 263 264 264 265 265 265 264 264 257 260 264 265 260 260 262 261 262 261 259 257 256 253 248 249 251 252 248 251 251 245 246 249 251 253 254 249 244 239 239 243 247 245 246 247 247 247 247 251 254 264 251 251 247 244 240 235 231 232 227 224 221 218 216 213 211
246 247 247 247 246 246 246 249 250 251 252 251 251 248 248 248 251 257 259 260 261 262 264 265 265 265 265 264 265 264 258 260 263 264 255 259 261 259 259 259 258 258 254 248 245 249 249 247 247 248 249 247 245 247 248 248 250 243 236 239 243 245 246 246 247 248 248 248 247 251 254 256 253 251 247 241 234 227 230 221 223 220 218 216 215 212 209
247 246 247 245 246 246 248 249 249 250 252 250 251 251 248 248 254 258 260 261 261 263 265 265 265 266 266 266 266 265 261 259 263 263 251 255 260 260 260 259 258 257 255 253 247 240 244 245 244 245 245 244 243 243 242 243 247 245 244 245 244 242 242 244 246 248 249 249 249 250 253 250 244 236 235 221 216 214 215 217 216 210 214 215 213 209 223
245 246 245 246 247 247 249 248 248 249 251 252 253 253 253 253 256 259 260 261 263 264 265 266 266 266 266 266 266 265 259 261 263 264 250 249 257 258 258 259 258 258 255 252 246 241 241 238 244 241 236 237 234 238 241 241 241 242 243 242 241 237 239 240 243 245 247 248 249 249 247 244 234 234 237 226 204 199 211 220 210 199 208 226 225 224 221
243 244 245 245 246 248 248 248 248 249 251 252 252 253 253 254 258 260 261 262 263 265 265 266 266 266 266 266 265 264 262 260 262 264 254 246 255 257 255 257 256 254 254 249 249 242 234 227 231 227 223 232 230 231 237 241 239 235 236 232 233 232 235 235 239 242 244 246 247 247 247 245 243 239 219 201 197 203 216 218 208 210 209 227 228 230 227
242 245 245 245 246 248 248 248 248 249 251 251 252 255 255 253 254 259 260 261 263 265 266 266 267 267 267 266 265 263 263 265 260 262 257 244 252 254 255 255 255 251 250 250 244 241 234 229 225 224 221 221 231 234 236 236 234 229 229 225 223 226 231 232 239 240 241 242 245 245 244 242 239 231 204 192 197 212 217 215 218 209 219 234 231 233 230
242 244 244 244 245 247 247 248 248 249 251 252 255 257 257 256 253 259 262 262 264 265 266 266 266 267 267 266 265 262 263 260 256 259 256 249 248 252 253 253 253 251 246 249 241 241 235 230 226 224 221 220 228 233 234 231 224 219 219 220 222 226 232 230 236 241 241 242 240 240 241 239 235 229 205 198 197 210 215 207 211 213 229 234 231 231 231
243 243 244 244 244 246 246 246 247 249 251 253 256 258 259 259 259 262 263 264 265 265 266 266 266 266 265 266 264 261 260 254 254 255 253 246 244 252 253 254 253 252 247 246 243 235 234 232 229 224 224 219 223 228 229 222 220 220 221 222 219 228 235 234 238 240 242 242 238 238 238 236 232 227 212 203 202 211 214 207 213 220 233 233 231 230 231
243 243 243 244 245 245 246 246 246 247 250 253 256 258 259 261 262 263 264 264 265 265 265 266 266 266 266 265 263 260 261 256 255 255 255 252 244 249 251 251 252 250 248 242 243 237 229 229 227 228 228 222 221 224 224 224 225 224 225 223 222 228 236 238 246 246 245 242 234 236 236 232 227 221 217 208 204 209 207 207 211 222 232 233 232 231 232
243 243 243 244 244 244 245 245 245 246 249 251 255 257 259 261 262 264 264 265 265 265 265 265 265 266 265 264 261 260 261 259 259 254 253 255 252 250 250 251 250 248 245 239 240 229 229 231 230 226 228 227 223 223 224 226 226 226 227 228 225 232 238 239 248 249 244 236 218 228 233 223 221 213 210 208 194 206 209 201 223 224 230 230 231 229 227
242 242 241 242 244 243 244 245 245 245 248 251 255 256 258 260 262 264 264 264 265 265 265 265 265 265 265 263 262 260 258 259 258 257 256 256 255 247 243 244 245 247 245 240 233 234 235 231 227 227 224 224 218 221 220 224 225 227 228 229 229 234 236 241 244 246 243 225 207 222 223 226 220 211 205 203 196 202 202 209 225 228 231 229 227 225 223
241 240 240 242 242 243 243 244 245 245 246 248 252 255 256 259 262 263 264 265 264 265 265 264 265 264 264 261 260 261 258 258 259 259 257 256 254 251 247 242 253 250 248 245 235 232 231 230 228 226 224 220 218 216 222 226 227 229 230 231 232 233 233 240 242 243 241 219 201 211 222 214 216 208 204 208 191 204 204 210 216 223 227 225 224 226 223
240 239 240 240 241 241 243 244 245 245 246 247 249 252 255 258 260 263 264 264 264 264 264 264 264 264 263 261 257 258 257 259 260 259 259 257 256 254 251 254 253 253 249 246 242 238 234 231 230 228 225 225 222 222 227 229 229 229 230 232 233 230 235 239 240 240 232 210 197 199 216 212 208 207 205 203 187 199 204 215 216 220 223 222 222 222 223
238 238 239 239 239 240 241 242 244 245 246 246 247 249 253 256 259 262 263 263 264 263 264 263 263 263 262 260 258 257 259 260 261 259 257 257 256 254 253 255 255 256 253 248 246 244 234 234 233 231 229 228 231 223 224 230 231 230 231 232 233 232 235 239 240 239 235 221 211 200 202 208 207 203 199 196 188 198 199 204 213 215 217 220 222 221 222
237 237 238 238 238 239 241 241 242 244 245 247 246 247 250 252 258 260 262 262 262 263 263 263 263 262 261 259 258 257 258 259 262 260 256 254 253 254 256 256 256 257 256 255 253 250 239 237 237 234 232 231 229 231 230 233 232 231 231 231 232 233 231 235 240 240 235 211 208 196 190 198 198 205 200 186 183 190 205 206 212 216 220 220 222 218 220
237 237 237 237 237 238 239 241 241 243 245 246 246 246 251 253 256 259 261 261 262 262 262 262 262 261 260 257 256 257 256 258 261 259 255 253 247 249 252 255 256 256 257 259 257 248 239 238 239 238 236 233 230 231 234 226 220 223 221 217 227 231 238 235 240 230 234 223 212 201 183 191 190 203 200 199 191 203 206 210 214 218 221 222 222 216 219
237 236 236 237 237 237 238 239 240 242 243 244 246 247 249 253 255 258 259 260 261 261 261 261 261 259 260 257 257 256 256 258 258 258 256 251 245 248 251 251 254 256 259 260 260 251 240 241 240 240 239 237 234 233 228 221 220 218 215 214 214 227 238 236 243 230 226 237 225 215 189 188 187 199 207 190 202 206 207 213 217 221 224 223 222 218 219
